150	1	1	1
52	138	476	367	182	169	60	297	82	360	
1	5	2	3	10	8	5	
51	181	137	475	359	296	181	
2163	1277	900	2573	2355	1968	10077	


150	1	2	1
249	393	81	14	27	145	61	20	35	160	
7	9	8	10	-99	6	5	3	-99	-99	-109	
60	34	19	159	29	144	26	80	237	329	81	
2272	1078	636	1509	4109	1891	3491	2323	2645	5896	18272	


150	1	3	1
150	132	346	284	472	429	251	237	128	174	
1	3	7	9	5	3	-201	4	10	
149	345	250	127	471	345	51	283	173	
1672	1218	1187	1927	1941	4832	6418	6536	5378	


150	1	4	1
103	412	217	383	480	221	227	236	222	143	
9	8	7	1	5	-101	
221	235	226	102	479	149	
1481	905	1473	2354	1682	24582	


150	1	5	1
435	280	47	387	319	193	115	378	196	458	
2	1	9	-101	3	7	9	-209	
279	434	195	102	46	114	195	127	
1840	1441	1882	6173	3023	2722	8459	11182	


150	1	6	1
2	162	410	349	421	403	352	37	66	71	
2	1	7	9	-208	3	1	2	6	-301	
161	1	351	65	235	409	1	161	402	149	
2240	1519	2013	1937	4327	1523	2424	3289	6218	9442	


150	1	7	1
266	462	92	5	238	342	140	44	197	445	
8	9	6	7	1	2	8	3	6	-99	
43	196	341	139	265	461	43	91	341	0	
3886	3416	2679	4018	5085	1427	3993	3899	5420	10268	


150	1	8	1
105	230	22	154	290	177	418	184	444	32	
8	-610	9	-401	-99	-99	-203	-99	-309	-107	
183	159	443	102	0	0	409	0	195	139	
872	1782	2255	8400	1486	1405	1800	3736	7936	10387	


150	1	9	1
396	442	382	330	400	341	363	385	74	191	
1	7	4	8	2	10	-110	
395	362	329	384	441	190	31	
1190	1210	3890	755	2145	4719	25286	


150	1	10	1
356	13	185	447	139	136	130	99	202	474	
10	2	3	6	-99	-99	
473	12	184	135	0	0	
655	1402	2516	5862	17178	13807	


150	1	11	1
223	131	26	258	247	208	452	336	430	414	
7	2	3	8	-103	2	10	
451	130	25	335	184	130	413	
1122	1850	1846	1472	13446	4654	7955	


150	1	12	1
275	122	246	147	121	287	144	291	198	211	
1	8	9	4	10	-105	2	
274	290	197	146	210	246	121	
1681	1405	1654	5096	5959	16618	4977	


150	1	13	1
156	231	86	405	261	317	102	212	362	65	
2	3	10	8	1	6	-110	10	
230	85	64	211	155	316	210	64	
1872	1209	1164	1445	1950	9428	10891	5759	


150	1	14	1
179	478	307	192	254	57	111	395	425	77	
5	10	4	
253	76	191	
2472	16359	6928	


150	1	15	1
380	110	268	68	207	118	413	466	73	370	
1	10	5	7	-99	8	4	
379	369	206	412	0	465	67	
1613	2164	2687	8525	9650	2524	6333	


150	1	16	1
90	279	415	7	306	186	235	286	271	58	
8	2	9	1	10	7	5	-103	1	
285	278	270	89	57	234	305	267	89	
572	1746	1677	1945	1882	8423	5405	1454	16068	


150	1	17	1
375	255	153	320	88	323	166	79	171	78	
10	8	7	2	1	-1601	5	2	-99	
77	78	165	254	374	51	87	254	0	
859	1286	2005	1890	5069	8786	2886	10196	8223	


150	1	18	1
381	304	203	465	449	63	9	159	45	263	
10	3	9	2	-102	3	4	-99	3	
262	202	44	303	254	202	464	0	202	
754	1841	1923	1836	1509	3091	2755	13268	7523	


150	1	19	1
11	204	373	229	310	324	248	168	299	376	
7	10	-505	9	4	-206	-99	-202	5	
247	375	253	298	228	322	0	254	309	
868	1618	4523	3736	1377	3296	3841	9536	6173	


150	1	20	1
325	29	163	101	62	348	148	226	469	69	
1	6	10	-206	4	
324	347	68	62	100	
1859	1372	3259	12800	3596	


150	1	21	1
178	354	17	443	209	350	357	53	282	31	
1	10	2	9	10	8	-107	7	-908	
177	30	353	281	30	52	147	356	290	
3222	1791	2023	3914	1300	6013	16073	5800	3982	


150	1	22	1
187	195	454	295	201	312	416	95	459	269	
3	10	9	7	5	2	
453	268	458	415	200	194	
1218	1927	1518	1432	3655	3259	


150	1	23	1
411	475	437	402	328	432	134	333	108	424	
1	3	6	4	2	-606	-206	
410	436	431	401	474	322	349	
863	2064	1213	13310	7140	11764	1927	


151	1	1	1
257	262	82	410	404	148	162	137	243	400	
6	9	1	2	
147	242	256	261	
1104	1359	1459	12555	


151	1	2	1
294	389	240	338	459	384	405	361	150	447	
9	7	10	
149	404	446	
1404	1436	13950	


151	1	3	1
406	297	309	160	129	62	397	27	234	224	
4	9	
159	233	
13240	1314	


151	1	4	1
276	378	342	25	440	4	377	318	212	105	
7	-101	
376	405	
6745	33850	


151	1	5	1
67	135	79	259	437	339	360	278	39	182	
10	1	4	
181	66	258	
886	1573	21581	


151	1	6	1
329	63	132	422	290	60	254	314	40	346	
1	9	7	-101	
328	39	253	66	
1090	2141	8309	5587	


151	1	7	1
115	315	242	210	302	58	147	69	6	156	
-101	9	10	-204	-99	
328	5	155	258	101	
1372	1859	1791	15314	12264	


151	1	8	1
97	75	85	457	325	394	161	145	117	430	
7	9	1	5	
160	116	96	324	
2831	1764	3291	2750	


151	1	9	1
104	452	274	76	120	94	438	146	98	365	
-103	9	-101	
84	97	96	
5868	11336	21059	


151	1	10	1
352	366	194	465	126	114	466	155	381	12	
3	6	4	8	8	
193	113	464	154	154	
704	3218	5855	31973	2150	


151	1	11	1
24	57	119	175	426	99	343	407	268	418	
1	6	
23	98	
1304	1555	


151	1	12	1
327	163	151	209	125	467	33	291	70	241	
1	7	6	
326	32	466	
1254	3000	20732	


151	1	13	1
445	46	455	398	305	37	458	91	172	72	
10	8	
71	90	
2663	2759	


151	1	14	1
477	308	176	255	142	158	281	192	199	263	
10	2	-109	
262	307	171	
2036	4327	12337	


151	1	15	1
101	367	236	131	87	331	181	56	272	298	
5	
86	
990	


151	1	16	1
49	464	124	392	256	265	393	183	269	128	
1	-206	
48	157	
1745	21495	


151	1	17	1
229	386	441	326	470	385	463	372	108	136	
10	7	1	6	-501	
135	462	228	384	326	
2504	12332	10391	8250	7218	


151	1	18	1
460	220	41	251	23	380	111	299	193	289	
1	-99	-99	
459	0	222	
1181	12096	9204	


151	1	19	1
307	167	200	375	341	211	154	285	10	245	
10	5	1	
244	340	306	
6286	2959	7364	


151	1	20	1
334	335	442	301	376	250	373	358	196	202	
8	-606	
357	157	
1581	21964	


151	1	21	1
374	35	292	270	239	16	402	432	14	112	
-99	4	
226	269	
21645	5277	


151	1	22	1
476	340	344	50	201	260	449	368	295	109	
10	3	9	-104	-106	
108	343	294	269	15	
613	1637	1545	3300	7018	


151	1	23	1
412	191	71	478	169	316	205	113	18	448	
-99	2	
447	190	
1657	20658	


152	1	1	1
307	172	5	471	201	145	231	76	60	183	
7	
230	
12500	


152	1	2	1
150	87	61	29	210	147	65	128	117	428	
7	-107	-108	
64	230	75	
1936	6000	8368	


152	1	3	1
327	312	93	198	90	77	343	363	104	410	
2	2	
311	311	
5750	8886	


152	1	4	1
275	232	43	338	266	15	277	216	316	133	
1	9	2	6	
274	315	231	14	
1586	2904	10100	14546	


152	1	5	1
468	261	195	146	281	54	286	206	257	176	
10	
175	
1863	


152	1	6	1
73	168	453	164	194	477	180	96	359	356	
8	9	2	
95	358	167	
1063	1641	4546	


152	1	7	1
457	306	124	105	107	78	259	284	222	215	
10	1	4	2	
214	456	104	305	
2031	2396	5927	3364	


152	1	8	1
38	252	4	24	270	116	462	288	132	332	
1	7	8	
37	461	287	
372	1537	14336	


152	1	9	1
334	370	111	30	188	100	367	136	302	297	
-101	7	-99	
37	366	0	
2050	10013	20452	


152	1	10	1
441	149	112	395	75	388	19	192	443	66	
10	9	
65	442	
663	7855	


152	1	11	1
11	465	155	225	120	170	294	34	328	207	
1	10	8	
10	206	33	
572	2096	2168	


152	1	12	1
127	113	377	94	14	25	439	129	376	159	
9	6	10	-101	-101	6	
375	24	158	10	10	24	
1509	1363	1114	5327	2000	11864	


152	1	13	1
137	175	186	348	320	314	151	402	393	174	
10	9	1	2	
173	392	136	174	
1363	1027	1505	28509	


152	1	14	1
420	69	179	304	165	131	472	473	178	318	
7	9	10	1	5	
471	177	317	419	164	
972	750	682	1509	38282	


152	1	15	1
340	162	368	341	115	220	422	22	13	300	
1	6	9	-101	-105	
339	219	12	419	164	
1418	1968	2068	7100	5491	


152	1	16	1
309	20	385	258	202	205	469	461	193	200	
9	2	6	1	10	
192	19	204	308	199	
1859	686	1173	1222	5846	


152	1	17	1
143	371	403	264	18	71	387	52	221	213	
1	2	3	-106	
142	370	402	204	
1536	691	1227	5468	


152	1	18	1
237	336	268	80	91	250	171	406	311	51	
7	-1401	-103	
170	274	402	
2054	2559	23437	


152	1	19	1
378	265	326	407	373	296	481	464	247	456	
1	-107	-203	
377	170	402	
1225	9497	6709	


152	1	20	1
362	298	404	121	224	382	429	423	301	158	
1	6	3	9	
361	381	403	300	
2172	605	9263	6300	


152	1	21	1
208	408	9	454	169	56	89	134	459	381	
10	1	2	-106	-106	
380	207	407	381	381	
2681	2946	1273	27381	4041	


152	1	22	1
293	436	392	434	81	84	163	437	135	287	
8	5	7	
436	80	162	
981	1250	1523	


152	1	23	1
241	249	79	27	35	28	322	191	140	480	
4	-99	-102	-103	
26	479	435	391	
1036	954	21514	20332	


153	1	1	1
404	324	62	228	283	395	271	254	176	111	
1	2	7	4	9	7	
403	323	270	227	175	270	
4481	1537	1654	1528	4677	30200	


153	1	2	1
28	74	132	319	139	134	323	285	15	480	
2	7	5	9	4	1	8	7	
73	322	138	14	318	27	284	322	
3572	1900	1864	1682	6577	5373	15368	5423	


153	1	3	1
313	101	94	263	444	168	67	355	269	274	
9	10	1	8	4	3	
268	273	312	354	262	93	
3854	1346	2518	6772	8350	8619	


153	1	4	1
76	376	236	297	259	103	210	216	178	340	
1	9	10	
75	177	339	
3559	2641	8518	


153	1	5	1
226	280	298	93	244	312	180	281	42	372	
10	7	8	
371	179	280	
2361	1991	1942	


153	1	6	1
128	144	170	360	361	441	160	189	314	222	
1	10	4	9	10	
127	221	359	313	221	
2209	3704	2991	12527	1705	


153	1	7	1
122	207	250	104	325	57	14	247	374	310	
7	
13	
31222	


153	1	8	1
59	239	462	257	114	121	465	345	267	379	
7	2	
464	238	
6613	13764	


153	1	9	1
164	436	50	148	48	209	24	79	473	47	
7	8	10	
23	78	46	
1077	1809	24009	


153	1	10	1
219	234	401	339	33	253	365	108	51	98	
1	2	3	
218	233	400	
1372	1823	2605	


153	1	11	1
288	179	78	140	261	46	175	2	336	25	
10	6	-105	
24	45	32	
5386	32895	2882	


153	1	12	1
290	268	230	81	368	425	6	124	221	452	
10	8	9	6	5	9	
451	123	220	424	367	220	
1486	1764	1781	1714	1873	17054	


153	1	13	1
252	143	427	163	407	142	384	442	333	237	
9	1	2	6	3	
332	251	142	141	426	
1331	1064	1164	1259	10432	


153	1	14	1
411	5	478	417	463	381	265	120	107	181	
1	10	5	
410	180	462	
795	2391	2900	


153	1	15	1
460	235	151	415	370	177	293	58	231	56	
10	9	6	
55	230	176	
1600	1568	1804	


153	1	16	1
17	291	125	424	246	362	40	409	7	318	
8	9	
408	6	
2606	2434	


153	1	17	1
8	196	292	335	211	364	49	448	169	113	
1	4	3	
7	334	291	
1231	16887	3345	


153	1	18	1
190	238	29	11	481	414	227	296	327	262	
10	7	5	9	8	3	
261	226	480	326	295	28	
1909	1595	1755	6091	8277	623	


153	1	19	1
147	378	430	191	225	135	467	377	232	439	
9	-99	10	
231	15	438	
2004	1691	8586	


153	1	20	1
399	240	295	165	471	204	304	152	270	273	
9	8	
269	151	
29759	1336	


153	1	21	1
218	330	470	77	83	388	224	153	220	105	
2	3	8	7	
329	469	152	223	
2336	2359	2177	6596	


153	1	22	1
13	392	382	145	245	309	146	416	99	423	
1	10	5	6	
12	422	244	308	
1040	1428	6650	1772	


153	1	23	1
88	215	197	192	294	277	137	193	413	279	
1	8	
87	192	
1240	1791	


155	1	1	1
333	231	37	157	170	101	96	59	304	44	
1	1	
332	332	
14195	2545	


155	1	2	1
111	39	75	346	98	397	135	350	33	115	
1	10	
110	114	
2181	764	


155	1	3	1
207	354	139	90	70	432	109	382	233	120	
10	7	-99	
119	108	0	
1790	764	40568	


155	1	4	1
424	85	276	43	201	160	224	372	218	168	
1	4	9	5	-99	
423	42	217	200	0	
2477	950	3118	7168	13096	


155	1	5	1
407	116	214	103	61	66	93	87	53	83	
2	10	-207	1	3	2	
115	82	108	406	213	115	
1050	731	1241	10164	6018	11496	


155	1	6	1
185	142	27	298	138	133	248	136	21	102	
7	9	8	9	
247	20	135	20	
1290	719	2118	25245	


155	1	7	1
23	89	449	49	266	117	62	247	345	156	
10	7	9	1	
155	61	344	22	
468	918	1009	7782	


155	1	8	1
219	143	327	307	12	41	60	262	51	234	
3	4	6	1	-610	5	
326	306	40	218	114	11	
1286	836	973	2073	11550	18672	


155	1	9	1
259	420	282	105	202	353	216	466	366	322	
2	
419	
77	


155	1	10	1
341	419	137	222	212	147	241	440	448	130	
9	5	-99	
447	211	334	
2363	6396	20400	


155	1	11	1
303	470	308	196	409	242	373	358	113	63	
8	5	
357	408	
1177	763	


155	1	12	1
277	319	267	478	437	279	309	151	264	69	
10	7	1	7	
68	308	276	308	
427	1241	1913	12205	


155	1	13	1
52	471	178	118	35	132	86	377	284	269	
1	2	4	3	1	
51	470	117	177	51	
550	722	3309	13673	22205	


155	1	14	1
47	240	184	107	165	450	206	181	340	357	
1	3	5	
46	183	164	
1000	681	2987	


155	1	15	1
286	347	261	223	367	183	400	245	280	182	
10	1	
181	285	
1672	1159	


155	1	16	1
166	104	468	253	250	99	464	217	18	344	
1	
165	
1195	


155	1	17	1
356	129	272	78	265	435	398	97	388	251	
9	
387	
927	


155	1	18	1
385	415	374	391	187	114	226	36	177	451	
1	3	
384	373	
1040	1287	


155	1	19	1
91	329	194	150	220	401	395	232	149	228	
2	3	
328	193	
6922	2523	


155	1	20	1
390	477	54	335	406	476	81	260	321	176	
4	3	6	2	-99	3	6	
334	53	475	476	0	53	475	
900	2077	2682	15541	2554	6677	11441	


155	1	21	1
348	325	328	458	369	125	457	2	244	438	
-1410	2	-210	-99	
155	324	227	0	
1240	719	14795	22732	


155	1	22	1
258	290	144	402	186	159	121	58	195	317	
3	8	10	
143	57	316	
168	841	1031	


155	1	23	1
3	399	77	112	8	193	6	188	29	351	
7	9	
5	28	
1990	860	


156	1	1	1
32	158	166	56	45	105	316	47	212	118	
5	-99	8	1	9	10	
44	0	46	31	211	117	
1645	3359	2705	4427	2695	1650	


156	1	2	1
124	21	68	142	24	443	220	78	335	324	
10	9	1	-101	4	
323	334	123	31	141	
12963	1768	7578	7477	8764	


156	1	3	1
130	183	81	28	84	453	170	159	196	396	
8	1	2	-109	
158	129	182	334	
1518	13377	1764	7204	


156	1	4	1
426	226	434	148	329	64	438	240	401	71	
10	-99	4	
70	0	147	
7295	6486	13459	


156	1	5	1
238	176	91	110	468	152	207	42	228	424	
9	10	3	
227	423	90	
595	1505	3927	


156	1	6	1
249	50	276	344	416	357	61	323	387	390	
1	4	-107	
248	343	206	
1745	9964	17322	


156	1	7	1
94	92	4	127	184	277	189	140	406	138	
1	-99	7	
93	0	188	
1463	29077	7737	


156	1	8	1
279	332	367	154	337	19	6	117	59	54	
-99	
326	
2890	


156	1	9	1
297	112	447	62	363	275	254	301	204	340	
10	-109	-108	5	7	
339	58	116	362	253	
863	7159	4350	10528	2145	


156	1	10	1
413	132	101	133	128	116	368	129	245	306	
4	6	8	
132	115	128	
3500	3900	6713	


156	1	11	1
283	315	197	235	39	384	12	162	395	451	
3	
196	
1463	


156	1	12	1
229	29	358	454	380	425	273	388	436	322	
8	7	1	
387	272	228	
1127	1827	3755	


156	1	13	1
69	382	457	246	206	317	233	40	341	320	
1	5	
68	205	
7763	28773	


156	1	14	1
267	342	289	437	9	266	211	444	208	476	
1	2	
266	341	
1450	6681	


156	1	15	1
173	270	419	241	203	7	191	296	302	55	
1	2	
172	269	
3309	2281	


156	1	16	1
22	377	239	198	93	131	370	318	67	215	
-310	10	8	-201	5	
319	214	317	266	92	
1263	1514	9491	20404	6955	


156	1	17	1
373	221	308	244	164	53	193	96	145	271	
6	-104	10	7	
52	197	270	192	
1468	13613	5491	10887	


156	1	18	1
260	412	263	104	126	441	202	232	52	3	
9	4	7	
51	103	201	
1486	1073	972	


156	1	19	1
224	420	458	449	98	190	86	149	194	328	
4	6	5	3	
448	189	97	457	
2100	1350	10940	3528	


156	1	20	1
181	180	298	280	285	14	72	389	58	95	
1	2	5	
180	179	284	
1072	1246	6886	


156	1	21	1
282	411	175	479	8	272	38	258	79	18	
1	10	9	
281	17	78	
3122	1618	9650	


156	1	22	1
429	378	464	350	217	309	294	369	343	227	
2	5	1	
377	216	428	
722	3359	20169	


156	1	23	1
222	242	57	407	259	135	305	60	20	70	
1	8	9	
221	59	19	
1131	1550	10550	


157	1	1	1
243	107	424	384	86	27	433	431	419	158	
7	6	10	1	
432	26	157	242	
6027	4586	4596	4350	


157	1	2	1
191	281	109	200	440	130	48	321	192	50	
1	4	2	-110	5	
190	199	280	157	439	
6750	2913	12537	9922	4896	


157	1	3	1
455	156	181	259	282	164	134	288	251	178	
10	1	2	3	9	5	2	3	
177	454	155	180	250	281	155	180	
2236	1282	1918	3668	2414	4754	8932	4886	


157	1	4	1
360	147	83	174	348	245	131	422	344	180	
9	1	8	-101	
343	359	421	454	
3690	1946	8473	26422	


157	1	5	1
70	392	230	195	101	186	45	219	349	28	
1	9	7	-309	-99	9	
69	348	44	191	224	348	
2404	1109	3150	8418	6214	19900	


157	1	6	1
160	474	58	17	320	258	454	226	127	373	
1	-104	7	9	8	
159	194	453	126	225	
4168	2463	3178	3263	14141	


157	1	7	1
329	20	299	478	71	278	44	65	196	72	
1	2	10	-103	6	-103	
328	19	71	57	277	57	
3195	1702	4389	3015	4659	20578	


157	1	8	1
168	29	190	90	162	161	442	139	380	461	
9	10	1	2	6	5	6	
379	460	167	28	160	161	160	
2086	1273	1231	4987	13913	2582	7482	


157	1	9	1
136	206	325	457	263	439	408	85	209	451	
1	-101	-99	-99	5	-308	
135	167	0	0	262	225	
1359	2263	5391	8927	4082	9768	


157	1	10	1
148	468	128	163	99	235	104	464	476	388	
1	1	9	10	
147	147	475	387	
2590	5469	731	12096	


157	1	11	1
5	137	265	220	248	141	30	9	79	292	
10	1	3	7	9	-110	
291	4	264	29	78	387	
2395	1918	1818	2800	16423	17682	


157	1	12	1
95	39	345	188	305	199	216	92	275	242	
9	1	-905	
274	94	281	
2740	1705	33568	


157	1	13	1
403	365	91	354	102	87	302	480	149	327	
1	8	5	-109	4	
402	479	101	274	353	
1750	1418	1186	10591	7532	


157	1	14	1
361	75	469	406	347	167	146	93	173	55	
8	1	10	
92	360	54	
6800	1813	2827	


157	1	15	1
456	157	423	31	166	184	185	432	84	414	
4	9	1	7	
30	83	455	184	
1413	1614	2195	5987	


157	1	16	1
121	7	298	472	352	322	379	277	271	252	
2	8	7	
6	276	378	
1850	1513	1864	


157	1	17	1
401	25	434	323	38	257	80	295	358	124	
5	7	8	-103	
37	79	294	297	
3177	1159	1527	33846	


157	1	18	1
400	233	6	2	364	289	447	340	123	290	
9	3	2	8	6	-99	-101	
122	5	232	339	288	401	400	
1909	1654	1900	7500	6041	13350	6777	


157	1	19	1
260	135	264	441	481	172	227	250	152	312	
1	2	5	9	4	
259	134	480	151	440	
1309	1327	5895	13900	16046	


157	1	20	1
285	153	330	151	115	268	125	460	427	34	
1	7	10	3	10	
284	124	33	329	33	
1345	1195	1764	1768	14150	


157	1	21	1
306	24	280	339	35	367	402	291	74	342	
1	2	3	4	
305	23	279	338	
2045	1618	5105	5318	


157	1	22	1
41	59	390	140	229	261	463	395	228	207	
2	10	1	8	5	10	
58	206	40	394	228	206	
854	1696	1690	7760	8827	3350	


157	1	23	1
203	397	370	253	197	51	470	154	316	111	
9	7	1	6	2	3	
315	469	202	50	396	369	
1668	786	1109	1300	2873	16886	


158	1	1	1
27	162	270	344	99	465	323	377	161	135	
10	8	9	6	
134	376	160	464	
13222	768	887	14850	


158	1	2	1
148	239	145	413	459	141	85	44	355	440	
1	9	-109	8	7	3	8	7	3	1	
147	354	160	43	84	144	43	84	144	147	
2100	963	1650	618	887	9763	23805	477	387	677	


158	1	3	1
159	208	155	88	24	257	316	393	308	72	
10	9	-101	1	7	-108	
71	307	147	158	315	43	
1213	496	2822	17878	559	10082	


158	1	4	1
335	454	122	329	150	164	305	476	230	213	
6	10	9	5	2	4	
163	212	229	149	453	328	
1140	532	664	2204	17937	4668	


158	1	5	1
317	166	117	332	97	169	94	52	89	474	
9	-105	4	
88	149	331	
2645	659	1205	


158	1	6	1
309	478	106	194	108	51	370	406	267	129	
1	5	4	3	
308	107	193	105	
863	414	2177	30905	


158	1	7	1
389	198	421	60	379	306	77	414	209	19	
6	9	7	-407	2	
305	208	76	315	197	
1127	545	1309	7737	4159	


158	1	8	1
63	177	91	334	247	144	179	126	80	262	
-99	-107	
0	76	
745	28705	


158	1	9	1
452	53	232	378	386	238	417	404	21	424	
10	1	2	3	-99	10	
423	451	52	231	429	423	
259	659	6304	9423	1432	18054	


158	1	10	1
165	480	142	388	199	453	387	146	336	286	
1	2	10	-502	-105	7	3	
164	479	285	165	385	386	141	
218	659	2941	2872	6214	9741	3645	


158	1	11	1
83	201	131	348	236	435	212	351	191	100	
-908	9	6	10	3	
43	190	434	99	130	
3381	1391	591	3546	8036	


158	1	12	1
8	2	64	367	233	307	193	152	10	345	
1	10	-106	
7	344	434	
527	1395	18900	


158	1	13	1
30	197	181	125	121	139	138	105	158	369	
-101	1	6	10	7	
7	29	138	368	137	
2422	632	464	4022	24132	


158	1	14	1
464	207	407	174	375	341	86	346	234	318	
1	8	7	2	-201	
463	345	85	206	7	
281	491	468	9273	23368	


158	1	15	1
472	260	216	151	290	79	4	204	205	17	
2	4	
259	150	
481	1109	


158	1	16	1
186	127	451	394	157	320	56	101	438	280	
1	8	2	
185	100	126	
1522	505	4591	


158	1	17	1
354	23	291	470	401	321	455	95	178	112	
1	2	4	9	
353	22	469	177	
2113	768	1205	20995	


158	1	18	1
235	288	176	226	172	396	352	42	310	219	
1	7	3	4	-1201	
234	351	175	225	308	
681	596	2286	28914	3863	


158	1	19	1
456	120	65	195	228	254	468	356	192	47	
1	10	8	5	-109	
455	46	355	227	309	
1368	559	9482	2195	22586	


158	1	20	1
364	457	281	114	368	196	20	312	119	479	
1	2	5	
363	456	367	
540	610	868	


158	1	21	1
292	274	324	244	180	303	314	22	266	57	
1	2	7	
291	273	313	
1631	1128	1059	


158	1	22	1
432	402	218	425	3	7	462	403	147	359	
3	9	-99	8	-99	-109	
217	146	429	402	0	265	
940	510	386	3350	12309	11845	


158	1	23	1
284	385	40	415	327	361	255	96	189	293	
1	-108	-99	
283	402	429	
3063	12277	26087	


159	1	1	1
103	282	26	62	95	233	240	327	67	93	
10	
92	
11309	


159	1	2	1
100	463	272	45	69	144	7	54	366	187	
9	8	7	
365	53	6	
1040	2087	16473	


159	1	3	1
383	197	215	137	98	125	37	34	178	324	
10	-99	8	-107	
323	0	33	6	
1840	3850	823	2941	


159	1	4	1
437	453	81	232	292	396	225	224	465	116	
9	7	6	2	1	-203	
464	224	395	452	436	271	
1727	1345	1505	6704	2864	15991	


159	1	5	1
109	338	248	351	398	194	413	130	389	29	
7	6	5	-106	-99	
412	193	397	395	0	
1372	1164	1409	10614	28541	


159	1	6	1
68	231	326	247	195	373	238	390	25	470	
5	1	-106	-105	
194	67	193	397	
3100	3695	8805	6309	


159	1	7	1
317	278	474	138	246	459	10	146	418	167	
6	5	-101	
458	245	67	
10290	8669	12577	


159	1	8	1
287	84	49	394	118	245	119	254	77	481	
9	-106	6	7	
76	458	244	118	
8209	8200	14254	9350	


159	1	9	1
39	94	256	235	107	425	478	4	402	274	
10	9	-106	
273	401	244	
1381	3137	26209	


159	1	10	1
405	169	204	432	305	217	132	372	46	199	
1	6	
404	216	
9754	15182	


159	1	11	1
59	185	87	388	242	408	294	466	460	15	
10	7	-99	
14	293	0	
1672	2159	29805	


159	1	12	1
343	424	431	53	163	314	262	50	198	147	
8	9	5	1	3	4	9	
49	197	162	342	430	52	197	
1372	1396	1818	3527	8464	6659	7454	


159	1	13	1
385	473	55	368	210	154	102	380	57	213	
8	-107	-99	
379	261	0	
1763	8864	3336	


159	1	14	1
367	334	414	226	357	455	344	374	143	332	
9	10	2	-101	5	-102	
142	331	333	384	356	472	
1950	1495	2941	4700	4782	10482	


159	1	15	1
33	451	440	129	165	188	161	74	279	461	
8	9	-103	1	
73	278	413	32	
1468	1477	13886	5423	


159	1	16	1
184	117	348	201	479	271	90	85	361	340	
10	-301	-410	
339	384	146	
2313	20759	7014	


159	1	17	1
416	105	65	277	61	164	120	206	442	64	
10	-99	7	-501	
63	0	119	342	
2045	8500	886	13796	


159	1	18	1
47	234	445	411	73	205	297	252	181	342	
6	2	
204	233	
4077	38518	


159	1	19	1
180	244	303	99	44	66	212	302	60	108	
10	-99	
107	0	
1490	20096	


159	1	20	1
21	58	270	176	308	179	304	352	309	56	
8	9	10	1	6	-307	
351	308	55	20	178	119	
1081	1978	2131	9800	4587	5900	


159	1	21	1
420	13	142	329	124	221	392	70	250	158	
1	2	-99	
419	12	222	
754	1427	24091	


159	1	22	1
219	159	290	331	255	365	239	145	253	111	
7	-99	-1809	-101	-102	7	
238	222	464	419	12	238	
1186	5632	6059	12909	6077	12559	


159	1	23	1
11	436	301	249	376	92	354	150	266	31	
1	-99	9	
10	30	265	
1018	16095	12977	


161	1	1	1
464	133	302	420	196	268	396	45	151	308	
10	6	4	
307	267	419	
19022	4078	2909	


161	1	2	1
136	159	324	387	272	424	13	52	32	238	
9	5	4	1	2	
31	271	386	135	158	
2245	1564	1022	1355	1482	


161	1	3	1
429	271	253	202	68	241	198	162	6	28	
2	1	3	4	7	
270	428	252	201	197	
9077	1886	3177	2132	2520	


161	1	4	1
147	229	240	330	206	262	145	475	369	257	
4	-99	-99	1	-99	6	-101	
329	0	366	146	0	261	428	
3195	1968	1977	2287	1877	2341	3655	


161	1	5	1
173	394	30	99	287	294	349	82	275	345	
9	10	2	-204	-106	-99	
274	344	393	201	261	346	
1077	827	1191	14227	15459	5028	


161	1	6	1
61	222	103	442	357	418	4	365	406	247	
1	2	9	10	
60	221	405	246	
1986	850	2368	4218	


161	1	7	1
443	10	267	95	77	125	212	355	360	277	
5	2	10	10	
76	9	276	276	
1018	1050	1768	12073	


161	1	8	1
422	94	92	164	163	42	328	342	392	293	
8	1	10	6	
341	421	292	41	
1886	1464	2263	15564	


161	1	9	1
87	335	114	307	112	154	100	338	143	364	
1	-99	10	3	8	-804	
86	305	363	113	337	419	
990	1105	695	1514	1364	5359	


161	1	10	1
376	292	217	109	266	384	58	63	348	401	
8	10	2	3	
62	400	291	216	
1831	1514	4627	2250	


161	1	11	1
393	160	417	454	249	350	149	139	193	44	
1	2	10	3	1	2	
392	159	43	416	392	159	
2259	2045	3582	18032	9254	691	


161	1	12	1
288	176	203	298	430	234	60	174	144	104	
10	6	1	10	6	1	2	-99	
103	233	287	103	233	287	175	420	
1372	805	1818	3073	395	291	4423	12941	


161	1	13	1
223	233	395	20	56	180	321	446	340	334	
1	3	8	10	-101	
222	394	445	333	287	
1690	1119	1204	1609	3355	


161	1	14	1
441	175	75	397	325	440	479	421	282	333	
1	5	10	8	-610	
440	324	332	420	292	
1995	1136	1278	1427	8668	


161	1	15	1
382	362	329	259	386	200	221	211	381	370	
1	9	4	7	
381	380	258	220	
2731	1873	2827	5337	


161	1	16	1
299	18	239	341	66	228	400	283	74	216	
9	10	-99	-408	3	-1505	-99	-99	
73	215	35	173	238	195	472	472	
1204	1364	4654	3700	5550	6937	10204	1509	


161	1	17	1
468	361	346	146	184	480	168	367	5	172	
9	8	6	3	2	
4	366	479	345	360	
390	946	959	1514	3236	


161	1	18	1
91	49	431	404	140	388	123	254	383	235	
9	8	10	3	-99	9	8	10	3	
382	253	234	430	28	382	253	234	430	
22	991	932	1418	5118	409	305	455	422	


161	1	19	1
194	301	408	427	166	426	244	177	37	320	
-99	-99	1	3	9	9	
0	318	193	407	36	36	
1177	1323	1540	1837	27945	1323	


161	1	20	1
251	102	86	88	89	352	465	476	374	41	
-1101	-810	4	5	-810	4	5	-99	-99	1	-99	
86	103	87	88	103	87	88	0	0	250	299	
709	1741	1254	1782	7459	705	850	1427	1409	2114	11190	


161	1	21	1
21	197	377	23	250	226	452	204	101	207	
1	2	10	7	
20	196	206	451	
959	881	900	1560	


161	1	22	1
445	263	469	76	231	413	31	50	405	237	
8	2	9	1	10	
49	262	404	444	236	
581	850	1278	1927	1514	


161	1	23	1
110	179	276	380	455	46	303	65	213	473	
1	8	9	-210	2	-99	
109	64	212	206	178	472	
1809	759	1263	1655	3586	1382	


162	1	1	1
261	408	363	376	48	238	68	121	89	252	
10	1	-99	7	5	6	3	
251	260	85	67	47	237	362	
3263	914	791	1750	5886	1668	5537	


162	1	2	1
177	213	182	175	468	138	33	40	394	310	
4	6	-99	9	
174	137	131	393	
5236	2282	22218	10736	


162	1	3	1
354	176	27	381	52	201	110	440	114	102	
-104	3	9	-106	-102	-99	-99	
174	26	113	137	212	0	0	
1836	1168	1723	6345	8973	16186	4932	


162	1	4	1
167	226	251	32	265	187	64	85	134	442	
9	-310	-101	-99	
133	251	353	0	
3631	11419	6404	1450	


162	1	5	1
218	377	452	375	431	436	41	180	136	55	
10	-99	2	-109	10	
54	131	376	133	54	
1418	854	1332	20455	12709	


162	1	6	1
18	335	345	127	479	359	330	225	230	340	
8	-99	9	-99	-110	-99	
224	0	229	0	54	131	
3472	755	650	2618	9659	20886	


162	1	7	1
2	258	76	269	86	196	57	147	115	235	
6	3	
195	75	
22295	3745	


162	1	8	1
349	221	382	20	346	331	38	475	97	420	
9	5	2	-604	-99	-301	-110	
96	345	220	174	29	217	234	
1645	1259	4368	4746	7795	3787	20222	


162	1	9	1
429	139	410	189	423	162	365	217	79	83	
9	10	1	
78	82	428	
2495	1445	4914	


162	1	10	1
119	210	145	245	480	260	95	34	112	16	
1	4	2	7	-804	
118	244	209	94	174	
2545	3505	3927	5345	6182	


162	1	11	1
8	168	294	50	128	161	272	347	366	157	
10	5	8	6	4	9	
156	127	346	160	49	365	
1572	959	1182	3527	5146	21432	


162	1	12	1
108	317	246	396	305	446	148	125	454	341	
8	3	4	2	1	9	
124	245	395	316	107	453	
1209	931	896	1445	7782	21082	


162	1	13	1
339	14	107	155	281	463	39	455	219	443	
-103	-108	-101	7	2	
245	124	107	38	13	
13131	1314	15686	1205	13000	


162	1	14	1
152	26	229	283	450	435	243	15	153	204	
1	-99	4	-107	5	-109	
151	131	282	38	449	218	
1981	1523	1314	16254	9582	7105	


162	1	15	1
186	169	374	156	282	164	386	253	193	416	
1	6	5	-303	4	
185	163	281	245	155	
1690	869	11404	15800	5059	


162	1	16	1
74	284	411	338	393	209	159	415	223	122	
8	10	1	2	7	8	
414	121	73	283	158	414	
4304	1582	4614	2359	3541	10013	


162	1	17	1
7	413	262	205	256	477	12	328	178	407	
-108	6	9	5	4	-103	
414	476	177	255	204	410	
1250	1909	1045	1400	1296	27390	


162	1	18	1
385	241	343	151	96	406	276	244	11	25	
1	2	-210	-104	-106	10	
384	240	121	204	476	24	
14686	918	3836	6960	6636	6668	


162	1	19	1
65	367	173	150	170	372	208	200	421	296	
8	9	2	1	3	
199	420	366	64	172	
1800	677	891	12063	15605	


162	1	20	1
293	433	467	401	369	28	99	62	126	53	
9	8	-99	-102	-101	
125	61	0	366	64	
1363	2900	3837	10081	22259	


162	1	21	1
324	222	75	264	44	31	42	101	280	24	
10	-99	
23	0	
16395	4727	


162	1	22	1
239	212	286	106	165	424	141	275	149	320	
1	3	8	4	6	7	
238	285	274	105	423	140	
2759	1772	3359	2587	24559	9050	


162	1	23	1
441	184	257	358	451	154	198	13	303	111	
-99	4	7	1	3	-101	-107	
110	357	197	440	256	238	140	
1531	1037	3332	1840	16100	10137	9795	


163	1	1	1
279	300	446	433	332	17	154	56	351	205	
1	4	5	6	10	
278	432	331	16	204	
7886	814	900	1718	4868	


163	1	2	1
227	139	2	26	470	212	239	20	102	208	
5	8	
469	19	
6763	2382	


163	1	3	1
210	105	195	397	151	174	87	53	199	29	
2	10	1	9	
104	28	209	198	
4931	1209	1196	6050	


163	1	4	1
299	23	16	97	324	186	315	52	8	386	
-99	
490	
45000	


163	1	5	1
108	115	314	234	330	409	204	379	79	308	
1	7	2	-106	
107	203	114	185	
4940	5487	6209	11023	


163	1	6	1
404	215	152	413	327	354	388	148	271	310	
8	9	7	1	2	10	
147	270	387	403	214	309	
5004	1700	11227	5996	1232	11554	


163	1	7	1
248	188	159	175	124	292	194	440	366	140	
7	10	1	2	
193	139	247	187	
11100	931	3537	2922	


163	1	8	1
374	474	128	284	130	467	384	319	312	157	
8	4	-106	
318	283	291	
3513	14273	15791	


163	1	9	1
464	238	408	394	27	198	254	385	369	341	
-99	
490	
45000	


163	1	10	1
64	244	117	136	14	392	225	285	223	76	
10	2	-101	
75	243	463	
4181	5369	7786	


163	1	11	1
146	437	91	326	111	376	178	321	282	367	
4	-703	5	3	-207	
325	15	110	90	253	
4313	5291	12646	16204	2996	


163	1	12	1
348	456	137	181	450	249	60	445	61	48	
9	7	-105	
60	59	110	
7163	9200	13009	


163	1	13	1
316	426	449	313	206	69	301	363	263	295	
10	-603	1	
294	158	315	
1654	13846	1640	


163	1	14	1
424	277	37	104	70	232	229	11	172	246	
9	4	
171	103	
2386	2795	


163	1	15	1
462	289	142	153	322	261	412	202	253	343	
1	10	7	
461	342	411	
2681	1064	1632	


163	1	16	1
51	236	270	44	46	74	356	83	80	429	
6	7	-207	-110	
73	355	228	342	
1759	1086	10559	10896	


163	1	17	1
138	476	42	222	220	265	259	207	360	393	
9	
359	
2540	


163	1	18	1
372	71	200	118	45	337	219	63	96	4	
3	10	7	4	8	-106	
199	3	218	117	62	264	
2868	2222	1319	9263	4896	19450	


163	1	19	1
318	427	169	21	57	286	218	184	349	47	
6	7	10	1	
285	217	46	317	
1504	1291	1759	1605	


163	1	20	1
177	231	275	432	258	381	90	122	5	323	
10	3	9	-110	
322	274	4	46	
4009	1550	5086	14318	


163	1	21	1
281	453	304	98	353	55	473	84	100	401	
4	
97	
3904	


163	1	22	1
86	411	350	75	114	50	471	35	399	33	
7	9	
470	398	
5777	3509	


163	1	23	1
192	269	245	293	457	237	262	191	6	201	
2	4	1	7	8	
268	292	191	261	190	
7181	1319	1040	1755	1391	


164	1	1	1
32	434	390	402	234	98	144	349	312	475	
1	9	
31	311	
9200	1140	


164	1	2	1
130	479	127	298	23	137	94	362	355	469	
5	6	-99	
22	136	0	
6659	795	2614	


164	1	3	1
239	471	350	129	195	58	288	354	208	99	
2	-99	4	
470	0	128	
5700	1654	2068	


164	1	4	1
37	285	408	48	188	71	264	20	57	95	
1	8	-99	-99	1	2	
36	19	0	0	36	284	
2145	555	2427	9645	7246	522	


164	1	5	1
31	380	403	88	36	163	113	309	21	451	
3	2	-99	-99	5	
402	379	0	0	35	
6550	718	6950	11241	10422	


164	1	6	1
344	73	34	258	347	210	379	470	271	66	
-102	3	10	-99	-102	
379	33	65	0	379	
4095	1095	714	28405	941	


164	1	7	1
120	60	40	398	105	346	277	392	416	199	
2	5	-99	
59	104	305	
5381	1309	2214	


164	1	8	1
289	78	449	256	243	83	303	338	382	85	
8	-302	
337	379	
8795	10455	


164	1	9	1
179	245	135	61	318	232	230	255	319	225	
-99	-108	
319	337	
6418	13913	


164	1	10	1
376	231	455	327	226	272	389	155	381	323	
1	
375	
2613	


164	1	11	1
217	388	42	419	467	461	385	140	301	158	
2	5	1	
387	466	216	
2850	1613	7364	


164	1	12	1
286	119	165	432	436	224	126	87	325	368	
1	-99	5	3	-703	1	
285	0	435	164	402	285	
3495	532	854	855	1695	26887	


164	1	13	1
441	141	53	341	219	352	192	428	46	182	
10	
181	
2890	


164	1	14	1
218	297	28	404	249	5	8	280	316	148	
1	10	9	2	4	-99	-99	
217	147	315	296	403	0	0	
1590	746	1632	3286	7764	2532	3604	


164	1	15	1
306	296	180	371	448	220	202	343	442	263	
1	2	-99	
305	295	0	
3281	959	1814	


164	1	16	1
438	283	366	173	187	169	168	407	128	262	
8	-99	
406	0	
5231	3559	


164	1	17	1
463	409	82	387	363	453	293	133	118	430	
2	7	-705	
408	292	225	
5781	987	29932	


164	1	18	1
290	64	473	446	124	47	55	370	317	476	
-99	-99	
0	0	
4772	17437	


164	1	19	1
204	233	410	9	330	464	276	440	425	227	
-99	2	3	5	
0	232	409	329	
2527	623	531	15273	


164	1	20	1
369	332	143	201	359	63	79	460	426	136	
4	-99	9	-99	
200	0	425	0	
5481	4255	4368	5764	


164	1	21	1
420	238	3	299	35	375	45	43	12	308	
7	-99	2	
44	0	237	
7895	4041	28468	


164	1	22	1
395	353	254	304	250	18	89	384	412	314	
3	4	-305	
253	303	329	
2122	1159	22478	


164	1	23	1
295	284	400	247	351	322	377	348	90	321	
6	1	
321	294	
7418	4722	


165	1	1	1
261	251	45	268	53	206	121	392	239	85	
1	2	7	6	
260	250	120	205	
12927	804	2109	600	


165	1	2	1
39	414	60	462	275	260	185	262	362	342	
1	-101	5	7	2	
38	260	274	184	413	
9654	1946	2154	1873	7309	


165	1	3	1
288	332	359	369	269	415	333	370	43	69	
8	9	7	-109	
369	42	332	361	
8063	832	927	18832	


165	1	4	1
113	463	112	295	158	388	328	22	259	317	
10	
316	
31981	


165	1	5	1
193	32	30	151	320	444	96	290	216	357	
1	2	9	10	-106	7	
192	31	215	356	387	95	
7300	1000	2586	1486	5464	22968	


165	1	6	1
323	105	110	40	157	7	301	256	89	99	
2	3	
104	109	
25809	16263	


165	1	7	1
167	214	153	213	361	23	242	117	155	182	
2	4	10	8	-410	
213	212	181	116	68	
3059	941	1122	15996	5232	


165	1	8	1
447	72	82	102	25	431	399	335	389	365	
1	3	4	10	
446	81	101	364	
3763	1727	1269	3186	


165	1	9	1
284	154	468	430	395	331	368	465	178	413	
9	7	
177	367	
7354	13673	


165	1	10	1
273	425	303	400	142	386	160	135	4	315	
1	10	7	6	2	
272	314	159	385	424	
9072	1273	1632	8023	15563	


165	1	11	1
26	146	442	87	453	438	252	29	137	218	
1	4	7	-204	
25	86	251	429	
3300	1450	33572	4650	


165	1	12	1
125	406	296	375	291	380	132	8	127	51	
9	8	2	
126	7	405	
4054	1159	4968	


165	1	13	1
349	100	440	108	190	429	149	15	202	241	
-99	5	9	
0	189	201	
13504	3186	13582	


165	1	14	1
238	230	187	124	292	355	286	111	14	173	
1	2	8	
237	229	110	
1859	10109	22191	


165	1	15	1
234	101	271	9	277	90	455	126	64	92	
3	1	2	
270	233	100	
2431	1369	995	


165	1	16	1
409	54	3	217	42	472	120	255	410	339	
1	
408	
2136	


165	1	17	1
473	322	28	258	37	21	197	343	68	94	
1	2	6	
472	321	20	
12045	1618	10741	


165	1	18	1
17	20	221	196	34	136	470	95	194	159	
7	9	2	5	
469	193	19	33	
2545	1273	2436	18768	


165	1	19	1
70	293	316	233	247	75	304	281	404	73	
2	4	10	
292	232	72	
2381	1000	1123	


165	1	20	1
145	297	232	405	480	254	382	152	33	212	
10	
211	
13672	


165	1	21	1
245	98	481	144	265	327	103	276	36	169	
1	
244	
2909	


165	1	22	1
294	93	200	175	299	19	300	170	460	27	
2	3	1	
92	199	293	
3650	1277	24904	


165	1	23	1
374	161	84	250	58	47	207	244	420	225	
-99	
490	
45000	


166	1	1	1
121	381	104	18	65	285	150	308	376	216	
3	10	6	8	
103	215	284	307	
4894	1418	5146	12818	


166	1	2	1
35	109	21	313	461	78	305	51	248	298	
2	1	8	
108	34	50	
7013	1741	19096	


166	1	3	1
412	138	99	408	255	95	281	40	97	336	
1	2	9	
411	137	96	
4190	932	10318	


166	1	4	1
165	112	107	131	410	158	24	84	465	318	
1	-99	-106	4	
164	241	94	130	
1622	937	1141	18590	


166	1	5	1
67	152	185	355	373	29	34	234	117	162	
1	6	8	2	6	
66	28	233	151	28	
1518	2109	5213	1446	10650	


166	1	6	1
86	286	361	160	387	145	59	194	211	217	
8	10	9	
193	216	210	
7090	1269	1372	


166	1	7	1
393	415	362	93	469	401	291	87	244	236	
8	-99	
86	0	
7445	2686	


166	1	8	1
10	261	270	76	116	240	161	28	137	157	
1	2	3	9	
9	260	269	136	
4863	2300	896	17654	


166	1	9	1
299	36	320	239	302	146	132	388	221	203	
3	1	2	
319	298	35	
1322	2582	2814	


166	1	10	1
372	256	324	364	274	213	480	351	378	403	
9	7	
377	479	
2159	1281	


166	1	11	1
205	66	56	263	133	140	294	233	300	130	
1	8	6	
204	232	139	
4868	2795	33982	


166	1	12	1
267	144	70	449	265	189	135	172	9	85	
4	6	5	3	
448	188	264	69	
2659	918	6873	9604	


166	1	13	1
303	266	418	426	457	101	247	128	118	37	
2	1	8	4	
265	302	127	425	
2350	1500	1313	1577	


166	1	14	1
332	232	142	473	218	228	62	177	198	441	
1	3	
331	141	
1231	1119	


166	1	15	1
272	237	148	384	226	382	420	287	219	243	
3	1	2	10	-99	
147	271	236	242	0	
4336	1382	791	1268	6577	


166	1	16	1
288	100	235	345	42	311	31	452	122	445	
2	7	
99	30	
4663	3327	


166	1	17	1
356	284	290	417	459	6	13	407	17	33	
-99	2	-101	
138	283	287	
2390	21469	13554	


166	1	18	1
134	354	437	369	181	370	5	435	448	174	
1	
133	
5059	


166	1	19	1
419	289	348	339	429	421	475	306	436	398	
-99	10	
59	397	
15081	16541	


166	1	20	1
269	357	69	64	279	215	143	111	296	170	
5	6	7	
278	214	142	
1100	1436	1223	


166	1	21	1
275	119	363	231	458	41	230	149	374	2	
1	2	7	8	10	3	
274	118	229	148	1	362	
1309	609	645	1500	4291	16686	


166	1	22	1
333	32	176	91	431	368	89	171	16	60	
6	5	10	7	
367	430	59	88	
2859	2095	964	1545	


166	1	23	1
168	58	207	250	114	359	125	254	438	280	
3	2	
206	57	
2509	15472	


167	1	1	1
248	239	129	115	310	83	74	21	241	159	
1	7	-99	
247	73	450	
7704	2123	25382	


167	1	2	1
16	123	114	105	402	150	49	323	251	24	
10	
23	
7018	


167	1	3	1
54	122	296	29	65	432	59	2	455	354	
3	10	9	1	
295	353	454	53	
1727	1009	1968	12973	


167	1	4	1
76	55	345	357	368	340	117	167	77	383	
1	2	-99	
75	54	0	
2136	12468	7073	


167	1	5	1
155	256	9	405	359	429	168	134	388	306	
1	5	6	2	
154	358	428	255	
2322	1168	6605	19500	


167	1	6	1
303	337	313	172	419	152	335	124	151	465	
7	4	2	
334	171	336	
12772	9078	12750	


167	1	7	1
99	229	309	101	320	144	364	86	108	254	
8	
85	
10004	


167	1	8	1
300	48	222	324	18	25	431	112	302	211	
1	4	
299	323	
1645	1432	


167	1	9	1
377	22	244	290	88	50	104	421	466	33	
6	7	9	1	2	
49	103	465	376	21	
2277	1118	1323	4759	1091	


167	1	10	1
338	332	219	215	230	331	181	205	10	135	
5	3	8	
229	218	204	
3081	1778	1222	


167	1	11	1
60	56	136	39	68	275	95	186	175	130	
2	9	-99	
55	174	0	
1763	6255	7824	


167	1	12	1
227	365	317	67	446	327	407	396	210	409	
10	
408	
1336	


167	1	13	1
282	216	445	170	154	341	457	334	137	249	
1	8	
281	333	
2809	19031	


167	1	14	1
447	32	307	5	193	475	34	245	404	133	
9	8	1	4	-603	
403	244	446	4	221	
2681	1359	14414	13200	10109	


167	1	15	1
17	40	243	426	84	12	87	44	425	166	
7	1	2	4	8	6	
86	16	39	425	43	11	
2559	3072	1555	6345	12150	6037	


167	1	16	1
140	353	287	75	250	362	305	217	214	178	
2	6	-99	-99	
352	361	0	0	
6259	6104	23283	6073	


167	1	17	1
283	297	180	79	424	97	384	3	161	293	
1	
282	
22981	


167	1	18	1
237	141	350	476	218	26	96	13	252	308	
4	5	7	1	
475	217	95	236	
1195	1123	1372	22578	


167	1	19	1
358	285	478	372	192	4	78	356	346	247	
9	6	
345	3	
3009	1186	


167	1	20	1
197	93	326	403	30	393	352	348	36	342	
1	2	
196	92	
1372	1478	


167	1	21	1
281	225	435	459	257	363	413	90	126	220	
9	
125	
8163	


167	1	22	1
298	462	444	149	224	294	47	347	315	400	
-102	-1502	9	
224	228	314	
2322	1118	1246	


167	1	23	1
389	176	472	328	311	473	481	82	330	386	
1	9	
388	329	
1400	3200	


168	1	1	1
113	207	31	98	39	129	76	179	362	70	
8	9	1	2	7	5	
178	361	112	206	75	38	
7450	1831	841	1732	1373	8591	


168	1	2	1
296	304	298	195	422	375	365	387	60	84	
1	2	7	10	3	
295	303	364	83	297	
11195	923	1572	2314	7164	


168	1	3	1
51	423	159	211	451	2	364	235	306	307	
1	3	9	10	-104	-105	
50	158	305	306	194	421	
5736	6341	1754	1432	9209	5364	


168	1	4	1
361	393	446	248	22	295	230	359	141	110	
3	4	5	6	9	
445	247	21	294	140	
6472	23955	1495	1596	3041	


168	1	5	1
265	272	144	96	397	173	73	261	174	434	
8	9	3	4	5	
260	173	143	95	396	
10495	909	7827	10764	700	


168	1	6	1
251	478	326	223	390	395	335	222	268	27	
4	6	5	4	5	9	
222	394	389	222	389	267	
7159	3354	5196	2036	445	2655	


168	1	7	1
366	48	337	94	471	450	5	218	147	69	
3	5	10	7	2	-99	
336	470	68	4	47	472	
2713	1450	1573	6577	6805	13391	


168	1	8	1
379	93	244	215	121	328	172	209	266	216	
2	1	9	-99	1	-99	
92	378	265	0	378	0	
10704	1364	8427	13032	3836	1217	


168	1	9	1
321	404	163	108	109	338	373	44	324	353	
1	-99	2	7	-99	1	
320	0	403	372	0	320	
2481	609	1490	27464	6414	1952	


168	1	10	1
57	102	445	187	221	52	68	437	467	299	
1	2	8	3	7	
56	101	436	444	67	
2481	682	5950	1764	20604	


168	1	11	1
74	183	13	148	162	432	411	164	42	271	
10	7	8	9	6	10	
270	410	163	41	431	270	
1000	786	882	2850	8472	9473	


168	1	12	1
332	150	305	175	182	82	409	186	348	54	
9	-704	10	-107	
347	95	53	410	
3613	15605	1191	1641	


168	1	13	1
26	112	240	133	237	234	19	136	193	50	
10	8	2	4	9	
49	135	111	132	192	
1672	2478	1745	3423	7159	


168	1	14	1
274	279	139	200	177	214	80	72	226	247	
9	10	6	-99	-99	
225	246	213	0	22	
5100	604	20577	2141	2291	


168	1	15	1
236	275	103	333	170	7	481	398	158	464	
2	1	8	10	-99	
274	235	397	463	22	
913	1268	1615	18294	2968	


168	1	16	1
250	417	180	32	85	287	89	414	351	208	
5	4	
84	31	
3890	3096	


168	1	17	1
396	212	318	459	380	269	479	343	369	157	
5	1	-606	9	2	6	
379	395	431	368	211	268	
2536	714	6586	4968	10768	4246	


168	1	18	1
199	290	259	145	37	427	336	431	473	99	
6	-99	9	8	1	
426	52	472	430	198	
2118	3077	1900	20236	7982	


168	1	19	1
88	242	340	143	167	161	241	184	238	342	
10	-810	2	-99	-99	
341	270	241	0	0	
1222	16705	6641	13682	2945	


168	1	20	1
435	331	469	181	91	402	297	225	116	153	
3	2	4	1	-99	
468	330	180	434	0	
1600	577	768	2073	19354	


168	1	21	1
227	149	399	92	142	386	461	232	189	11	
1	8	6	
226	231	385	
1240	464	12077	


168	1	22	1
239	276	270	165	231	210	146	8	262	123	
5	3	-906	-101	1	
230	269	233	226	238	
5695	3359	12773	3068	6405	


168	1	23	1
107	280	425	291	213	233	20	267	312	114	
6	8	
232	266	
2440	1478	


169	1	1	1
260	430	295	128	227	26	447	300	445	209	
1	8	2	3	10	7	9	
259	299	429	294	208	446	444	
1650	1827	2295	2341	2668	3696	22050	


169	1	2	1
439	337	210	374	475	159	438	139	254	140	
1	3	6	2	4	10	
438	209	158	336	373	139	
2013	2191	18759	2323	4677	8373	


169	1	3	1
418	333	30	326	43	66	257	436	41	73	
1	9	2	6	4	
417	40	332	65	325	
2109	1709	2077	4795	14732	


169	1	4	1
219	137	52	269	22	225	304	127	223	242	
3	4	-99	7	8	5	1	2	
51	268	246	303	126	21	218	136	
2190	1469	2477	4436	1964	10791	2750	5513	


169	1	5	1
412	31	25	392	289	53	453	389	383	226	
6	7	
52	452	
28913	1127	


169	1	6	1
234	373	387	370	99	431	29	395	90	458	
1	2	8	6	-209	-108	
233	372	394	430	222	388	
2004	1786	1964	7114	13009	16254	


169	1	7	1
294	442	88	406	102	170	46	157	388	34	
10	9	6	3	2	1	
33	387	169	87	441	293	
2550	1204	1500	12391	6209	5623	


169	1	8	1
196	407	271	479	301	320	308	33	282	448	
10	2	
447	406	
2118	1709	


169	1	9	1
464	154	365	70	85	400	28	296	57	15	
8	10	9	7	-109	
295	14	56	27	281	
2977	3554	2719	7095	10900	


169	1	10	1
144	427	108	409	471	76	408	287	165	74	
10	6	1	5	4	
73	75	143	470	408	
1872	1768	2660	14709	14636	


169	1	11	1
413	101	236	263	253	382	259	470	172	176	
8	3	-103	2	1	9	
469	235	107	100	412	171	
1945	1482	4736	9782	2095	2173	


169	1	12	1
58	116	338	246	93	334	355	68	44	457	
10	2	8	5	3	
456	115	67	92	337	
14913	891	11005	8163	1250	


169	1	13	1
190	377	32	192	97	323	325	163	481	24	
1	3	2	-102	8	
189	31	376	115	162	
1036	1764	1668	32000	5345	


169	1	14	1
115	184	87	48	89	240	132	321	111	268	
10	9	1	4	
267	110	114	47	
1313	1337	13977	2050	


169	1	15	1
280	125	147	131	222	51	122	272	118	309	
1	10	9	
279	308	117	
2113	9673	28745	


170	1	1	1
108	94	19	459	182	477	72	317	191	132	
-99	7	5	6	
0	71	181	476	
2172	1641	2187	1090	


170	1	2	1
307	456	194	461	270	357	310	23	192	299	
3	7	9	
193	309	191	
3513	682	7514	


170	1	3	1
169	51	195	146	68	415	45	427	288	70	
6	7	9	-99	-207	7	
414	44	287	2	71	44	
2172	1691	8891	4723	3095	8200	


170	1	4	1
356	115	271	39	98	163	231	451	323	316	
1	9	7	8	
355	322	230	450	
22118	691	436	2450	


170	1	5	1
260	322	352	295	289	181	400	35	28	395	
-104	10	-99	-109	
38	394	0	322	
1404	3382	3245	10073	


170	1	6	1
252	303	420	298	447	126	347	373	71	305	
-99	9	-99	-507	
373	70	0	71	
1213	2809	4587	11372	


170	1	7	1
401	412	478	93	453	2	152	217	293	53	
10	8	
52	216	
1786	1491	


170	1	8	1
113	150	240	336	389	151	105	235	199	435	
6	10	7	-407	8	
150	434	104	230	234	
4672	1764	14627	20132	2636	


170	1	9	1
290	122	362	414	124	119	171	159	165	109	
10	9	-108	5	6	-99	10	-107	
108	164	234	123	118	0	108	104	
1918	3127	2027	4300	15096	4377	7095	4105	


170	1	10	1
432	155	351	391	246	145	262	269	384	58	
7	-207	-99	10	-110	
261	104	0	57	108	
1513	2159	16118	10873	8937	


170	1	11	1
99	374	350	147	184	261	437	168	360	225	
-107	-307	-99	-210	-1007	1	7	-99	
261	104	0	108	71	98	436	15	
3677	6204	7864	2468	5582	1191	4514	3613	


170	1	12	1
329	34	164	180	36	234	249	349	311	104	
1	-99	10	
328	0	103	
2286	5341	8827	


170	1	13	1
11	95	62	450	279	170	408	186	292	123	
7	8	9	10	-1105	-207	8	
407	185	291	122	269	436	185	
1322	1464	2627	10291	7646	4504	10864	


170	1	14	1
237	107	216	346	56	173	7	443	128	232	
-110	9	10	3	
122	127	231	215	
1836	10773	1131	14960	


170	1	15	1
417	153	26	444	114	409	73	372	397	405	
-103	5	
215	113	
713	1591	


170	1	16	1
315	296	446	166	185	129	247	463	429	161	
1	
314	
8209	


170	1	17	1
480	291	358	102	361	38	140	37	143	25	
6	5	
37	360	
1204	1936	


170	1	18	1
436	91	267	366	208	353	130	314	76	59	
5	
207	
29995	


170	1	19	1
465	273	9	258	81	211	392	97	309	285	
8	1	-407	-1807	-99	
96	464	72	71	0	
981	755	21704	10214	9300	


170	1	20	1
250	342	479	178	111	214	8	355	5	244	
5	-99	
110	0	
1009	9868	


170	1	21	1
32	287	365	304	239	297	50	43	223	187	
5	9	-105	-910	
238	222	110	103	
604	1314	13572	15637	


170	1	22	1
440	265	33	268	259	275	18	471	55	120	
-105	6	4	-99	
238	274	267	0	
900	695	741	33145	


170	1	23	1
301	410	29	227	300	398	196	326	138	89	
-99	
490	
45000	


171	1	1	1
239	132	447	126	374	433	211	326	53	113	
1	2	7	9	6	
238	131	210	52	432	
1759	1218	1395	1123	4086	


171	1	2	1
84	465	89	464	161	186	430	65	22	319	
1	8	2	-107	-99	
83	64	464	210	0	
1359	1354	1487	6259	16363	


171	1	3	1
336	148	49	247	254	423	246	155	429	392	
3	1	-99	4	
48	335	243	246	
1404	923	5109	26964	


171	1	4	1
459	218	210	164	153	35	40	443	76	341	
2	1	7	6	-107	
217	458	39	34	245	
836	995	1132	6832	17077	


171	1	5	1
27	25	333	38	375	259	434	70	417	81	
4	-309	6	2	1	-99	
37	21	258	24	26	0	
1168	15582	10886	5491	3800	3959	


171	1	6	1
108	409	372	224	56	71	419	349	156	261	
-99	-104	-106	8	-99	1	
181	37	258	348	0	107	
1459	4377	10050	5759	11486	5550	


171	1	7	1
314	144	59	138	69	214	410	428	85	88	
10	6	2	
87	213	143	
1095	1127	14564	


171	1	8	1
381	402	455	197	238	18	26	28	170	44	
5	4	6	9	8	-201	
237	196	17	169	27	107	
1431	1350	2396	3154	4491	14437	


171	1	9	1
136	386	109	251	390	351	456	193	344	61	
-109	9	-99	-99	
169	343	457	0	
2095	1959	7691	8155	


171	1	10	1
426	262	101	216	270	414	96	271	15	168	
8	4	-99	-99	
270	215	0	0	
1090	16200	15287	8200	


171	1	11	1
477	268	440	234	347	478	403	94	249	448	
1	4	9	
476	233	248	
2554	3777	27182	


171	1	12	1
205	411	299	215	245	122	435	370	34	194	
5	4	2	1	-204	6	
244	214	410	204	215	121	
1959	2795	3018	2532	18309	5646	


171	1	13	1
150	178	312	166	213	453	17	445	135	467	
-99	-99	-1107	
0	220	429	
2072	2182	39650	


171	1	14	1
63	180	260	441	129	420	309	274	220	379	
10	9	-99	-99	
378	219	0	0	
1186	2614	18590	1923	


171	1	15	1
335	195	353	42	280	3	322	112	292	355	
7	3	-99	
321	352	0	
2922	6423	26245	


171	1	16	1
406	279	337	306	46	93	51	368	225	33	
7	10	3	
50	32	336	
1100	1163	1232	


171	1	17	1
147	243	425	415	325	107	473	462	116	182	
10	7	-99	3	-99	-99	
181	472	15	424	473	0	
1327	963	1191	6141	9632	8486	


171	1	18	1
394	19	83	57	457	58	233	183	311	139	
10	8	9	5	
138	182	310	456	
540	1446	2727	4591	


171	1	19	1
451	231	8	236	396	134	86	416	146	82	
3	10	-1202	-99	
7	81	143	15	
786	2018	11114	18109	


171	1	20	1
294	252	133	140	471	470	437	363	188	174	
5	10	4	
470	173	139	
1077	2818	2877	


171	1	21	1
104	290	273	474	137	159	307	212	277	361	
-99	-407	5	
0	472	136	
586	1518	31305	


171	1	22	1
2	128	237	5	6	55	219	424	196	278	
-99	5	-99	9	2	
0	5	0	195	127	
1468	1586	1196	2518	5054	


171	1	23	1
257	442	227	267	160	60	80	476	354	29	
8	-99	-109	
475	28	195	
540	1832	27700	


172	1	1	1
395	334	300	375	374	320	36	158	5	385	
1	9	10	2	
394	4	384	333	
13718	750	827	2450	


172	1	2	1
412	113	251	24	392	254	135	379	386	438	
8	7	3	1	7	
378	134	250	411	134	
6322	2055	1354	4164	30309	


172	1	3	1
37	335	53	139	237	441	12	197	60	314	
9	1	4	
59	36	138	
5618	1172	1223	


172	1	4	1
101	453	11	19	345	115	381	200	473	108	
10	-107	8	9	-101	
107	11	199	472	36	
7022	646	841	1468	7127	


172	1	5	1
416	370	297	234	331	269	86	271	328	447	
9	3	4	-99	
327	296	233	0	
10272	1582	1536	19287	


172	1	6	1
228	235	70	152	372	170	75	90	89	423	
9	8	10	
88	89	422	
6254	932	1232	


172	1	7	1
267	472	236	279	192	40	308	104	20	226	
7	5	3	-309	1	3	
307	191	235	472	266	235	
8018	1368	3686	10773	9764	9336	


172	1	8	1
83	346	258	42	91	138	327	190	76	173	
9	10	-99	-99	-101	
75	172	0	0	266	
12472	2037	2541	9381	11191	


172	1	9	1
298	54	278	343	117	153	303	340	294	211	
8	10	-99	-99	
339	210	140	0	
9500	581	12181	12555	


172	1	10	1
277	121	418	77	67	305	424	252	80	272	
8	5	6	-409	
251	66	304	88	
5150	2218	2318	2754	


172	1	11	1
463	361	99	71	92	149	206	185	242	247	
2	10	9	-708	
360	246	241	199	
6427	591	963	1300	


172	1	12	1
183	148	380	13	105	310	230	319	357	129	
8	10	5	7	-110	
318	128	104	229	246	
12727	850	4209	409	23486	


172	1	13	1
134	442	127	326	364	143	49	243	414	422	
2	10	1	-99	-99	
441	421	133	0	0	
7222	614	1945	5346	14532	


172	1	14	1
174	289	177	465	88	128	428	281	368	470	
9	10	5	
367	469	87	
6231	1732	20777	


172	1	15	1
44	336	172	196	94	142	58	263	304	26	
9	10	5	
303	25	93	
5786	2186	3500	


172	1	16	1
367	283	466	268	180	17	156	322	462	421	
9	4	8	-99	
461	267	321	198	
5900	959	2172	32673	


172	1	17	1
81	72	434	411	394	309	102	282	474	388	
9	1	6	-101	
473	80	308	366	
7536	2241	3259	5004	


172	1	18	1
6	215	347	479	111	390	3	133	66	307	
1	9	10	-1101	10	
5	65	306	266	306	
4568	1232	1386	3264	31345	


172	1	19	1
448	480	285	198	248	407	50	96	350	68	
4	10	
197	67	
4450	1636	


172	1	20	1
369	260	204	261	18	349	207	201	184	169	
7	9	-99	1	
206	183	0	368	
5445	618	1518	7382	


172	1	21	1
338	69	38	329	257	233	461	126	286	136	
9	3	-99	4	3	9	
285	37	0	328	37	285	
5872	741	891	13309	6114	14582	


172	1	22	1
362	9	46	290	208	371	410	419	205	8	
6	9	
370	204	
3331	591	


172	1	23	1
78	137	270	47	43	475	229	478	34	273	
8	5	
477	42	
5200	5381	


173	1	1	1
140	165	468	66	34	306	150	208	128	318	
9	-99	
127	0	
16477	2141	


173	1	2	1
226	370	477	112	238	188	68	273	126	186	
10	9	
185	125	
5436	2859	


173	1	3	1
88	133	285	394	464	209	97	450	142	132	
6	1	-99	5	
208	87	0	463	
6877	3354	29682	4723	


173	1	4	1
129	194	201	417	86	393	324	422	224	430	
2	-99	7	-99	1	-99	-99	
193	0	323	0	128	0	0	
3809	2495	3386	4187	9936	9768	5355	


173	1	5	1
229	25	216	335	290	280	312	334	328	384	
-99	8	
212	333	
6163	3687	


173	1	6	1
439	286	332	455	81	337	141	293	180	62	
8	9	-99	2	
292	179	115	285	
2486	2950	1777	11627	


173	1	7	1
96	115	72	121	104	404	309	199	364	240	
1	9	7	3	-99	-99	-99	
95	363	308	71	0	0	0	
4227	2482	3074	2317	5474	7601	19235	


173	1	8	1
130	95	67	251	480	313	26	107	299	426	
9	10	7	6	
298	425	25	312	
2231	1578	4300	3027	


173	1	9	1
39	277	102	167	314	45	295	215	16	218	
1	7	-99	-99	
38	294	0	51	
3200	2781	3555	27464	


173	1	10	1
367	413	82	336	20	363	170	230	74	106	
9	10	-99	
73	105	113	
2154	2582	1500	


173	1	11	1
159	282	110	182	481	21	365	69	217	92	
4	8	-99	7	-99	
181	68	0	364	0	
2790	900	2982	7859	14182	


173	1	12	1
78	108	93	203	303	353	279	9	401	89	
3	1	10	7	3	
92	77	88	278	92	
7372	2246	1886	12755	10809	


173	1	13	1
235	200	204	184	105	284	219	51	474	94	
10	-101	7	
93	77	218	
6909	3400	2745	


173	1	14	1
378	388	237	172	410	41	47	305	5	346	
7	9	1	-99	9	
46	4	377	28	4	
2136	2145	2209	8205	10991	


174	1	1	1
37	321	347	435	398	246	378	11	182	455	
1	3	8	10	9	6	
36	346	10	454	181	245	
8090	1714	1977	1950	1937	24445	


174	1	2	1
305	138	153	7	386	193	152	56	27	240	
-99	2	10	-106	
0	137	239	245	
2672	3455	2159	34914	


174	1	3	1
355	26	352	130	96	157	284	84	170	356	
-99	7	10	-102	-209	-206	
0	283	355	137	181	245	
3018	4832	2872	15046	10304	2641	


174	1	4	1
453	335	162	13	409	105	385	268	202	291	
1	10	-99	-99	-99	
452	290	400	0	356	
2804	2527	6046	11768	5964	


174	1	5	1
148	317	428	366	450	374	348	212	154	478	
9	1	2	
153	147	316	
7431	3055	3136	


174	1	6	1
36	19	447	218	83	60	195	331	149	92	
-104	10	-101	-99	5	4	
365	91	147	0	82	217	
1163	5614	4291	6732	6963	2227	


174	1	7	1
103	203	217	78	370	238	302	91	252	360	
-105	
82	
10668	


174	1	8	1
114	145	44	343	20	369	35	220	183	404	
1	9	-99	-99	-201	
113	182	0	0	35	
1872	4187	5704	4873	2782	


174	1	9	1
241	219	63	389	326	254	118	205	4	230	
1	-99	-99	8	2	
240	0	0	204	218	
5304	16559	2718	4559	5564	


174	1	10	1
474	116	231	286	42	163	232	387	391	296	
3	-99	
230	0	
22854	14132	


174	1	11	1
73	132	440	62	473	439	127	23	445	393	
8	7	10	-99	-505	-103	
22	126	392	0	82	230	
1254	1973	2559	9345	16269	12827	


174	1	12	1
143	61	330	197	315	128	396	59	307	16	
1	2	3	7	-99	
142	60	329	395	0	
3613	1718	2146	2723	12731	


174	1	13	1
454	222	227	25	136	344	34	64	379	467	
1	2	9	-107	
453	221	378	395	
3540	2550	5041	4209	


174	1	14	1
463	51	67	466	90	461	446	161	209	334	
3	2	-207	
66	50	395	
10845	6718	7914	


174	1	15	1
361	401	155	314	442	269	432	332	80	188	
-99	2	7	-1408	
0	400	431	10	
831	2128	3954	4418	


174	1	16	1
17	69	333	372	40	30	107	292	459	350	
-99	-99	
0	0	
3610	5345	


174	1	17	1
283	215	336	43	438	247	477	85	406	213	
10	1	9	
212	282	405	
1827	2318	3523	


174	1	18	1
469	8	179	416	339	248	47	101	192	124	
1	5	3	
468	338	178	
2127	5395	3932	


174	1	19	1
104	282	147	110	14	418	324	117	465	140	
9	
464	
3881	


174	1	20	1
111	113	211	275	390	288	156	262	441	176	
4	10	-99	2	
274	175	0	112	
2818	3195	6200	13782	


174	1	21	1
431	236	456	349	164	10	462	460	318	46	
-99	7	10	3	
319	461	45	455	
754	2436	1910	2572	


174	1	22	1
303	260	443	259	224	346	81	171	414	329	
8	1	
170	302	
5145	11227	


174	1	23	1
102	166	295	407	392	2	82	185	384	403	
-99	-99	7	4	
0	402	81	406	
3036	4195	2341	4109	


175	1	1	1
51	297	28	205	296	127	340	287	459	417	
10	9	5	6	3	2	3	-99	8	
416	458	295	126	27	296	27	0	286	
10300	881	691	1064	2886	1091	13723	5100	2395	


175	1	2	1
59	65	60	148	335	227	244	378	184	409	
2	3	9	10	1	4	10	
64	59	183	408	58	147	408	
9700	613	2000	2746	2895	7055	4745	


175	1	3	1
474	66	47	34	120	39	401	128	339	29	
3	1	-109	-101	3	10	1	-210	
46	473	183	58	46	28	473	416	
3963	750	11468	1305	9127	468	9950	4891	


175	1	4	1
400	318	149	428	415	78	288	334	133	418	
9	1	8	1	6	10	9	5	
132	399	333	399	77	417	132	414	
4259	813	1878	5254	8827	2591	7468	8446	


175	1	5	1
80	234	176	4	40	173	472	192	238	253	
7	8	9	4	1	7	-101	1	-99	8	
471	191	237	3	79	471	399	79	0	191	
1595	905	1150	2718	5109	8263	13919	1527	4209	4536	


175	1	6	1
384	468	155	166	41	146	73	429	116	183	
10	8	1	6	-99	
182	428	383	145	0	
2272	968	13564	2068	10096	


175	1	7	1
207	209	181	433	144	114	268	215	466	175	
8	6	7	1	
214	113	267	206	
1945	832	791	22359	


175	1	8	1
324	216	93	74	291	364	267	6	106	260	
10	8	9	3	6	-203	9	10	
259	5	105	92	363	154	105	259	
1522	773	882	3368	8095	6900	2050	6300	


175	1	9	1
24	223	408	129	277	422	46	329	343	282	
8	9	5	1	7	6	-201	
328	342	276	23	45	421	206	
2704	977	1796	4650	3500	11618	12164	


175	1	10	1
299	294	462	87	54	168	388	443	381	446	
10	6	-99	3	5	-99	-210	
445	167	0	461	53	0	259	
2150	3336	5159	6673	15963	2869	2090	


175	1	11	1
467	200	64	395	257	376	298	249	441	309	
7	9	-99	-209	
297	440	0	342	
1859	827	27759	8441	


175	1	12	1
317	104	213	190	278	240	248	90	405	91	
6	4	3	10	9	
239	189	212	90	404	
1654	941	1641	1973	20777	


175	1	13	1
321	247	363	473	68	11	435	419	151	191	
7	8	6	-1001	-506	
434	418	10	473	363	
2645	705	6622	5650	9882	


175	1	14	1
136	382	245	266	226	285	353	204	361	337	
7	4	3	1	-99	3	
352	265	244	135	49	244	
4031	1073	946	2013	16468	17700	


175	1	15	1
457	237	105	362	470	307	233	25	172	118	
9	-103	7	5	
171	244	232	469	
2540	11223	5523	2495	


175	1	16	1
212	145	123	177	182	449	392	15	416	377	
5	2	10	6	8	-109	6	9	
181	144	376	448	14	171	448	415	
1181	905	750	2159	1509	8405	2059	11013	


175	1	17	1
79	208	36	193	75	186	81	88	262	38	
2	7	1	
207	80	78	
16095	823	1522	


175	1	18	1
142	350	250	374	316	425	23	194	141	325	
8	7	9	6	
193	22	140	424	
1695	1955	27795	7927	


175	1	19	1
399	304	379	348	390	413	380	352	452	229	
9	1	6	-99	
451	398	412	0	
1918	872	5505	16441	


175	1	20	1
239	165	30	397	261	221	477	460	256	156	
7	1	8	-210	
476	238	459	324	
1477	682	4331	10660	


175	1	21	1
89	56	436	49	67	351	313	456	305	161	
10	-99	
160	309	
3027	6532	


175	1	22	1
300	228	160	480	461	37	45	50	394	349	
1	2	5	3	-1303	
299	227	460	159	407	
777	677	12568	24441	1600	


175	1	23	1
270	342	326	476	189	345	403	453	274	98	
7	2	9	5	4	-905	2	
402	341	273	188	475	225	341	
1018	932	959	7391	2177	6377	6977	


200	1	1	1
207	11	18	339	44	54	60	150	99	224	
1	10	6	-99	
206	223	53	91	
5218	1204	905	35045	


200	1	2	1
33	431	292	211	429	383	374	481	77	40	
8	5	-99	2	-99	9	1	
480	428	91	430	0	76	32	
6536	2082	3600	2482	1300	2350	19031	


200	1	3	1
20	406	230	46	109	45	214	194	290	36	
5	8	10	2	
108	193	35	405	
3663	4400	5959	18128	


200	1	4	1
285	74	409	271	155	176	105	84	256	78	
6	8	4	
175	83	270	
2481	6378	31609	


200	1	5	1
68	337	144	367	462	300	59	386	466	455	
10	-99	1	
454	365	67	
1581	1069	3954	


200	1	6	1
346	413	361	147	106	382	402	226	249	376	
1	9	3	
345	248	360	
1272	4887	7159	


200	1	7	1
310	377	130	101	447	478	108	442	353	415	
-101	
345	
6154	


200	1	8	1
419	294	368	235	365	408	299	479	331	245	
10	9	2	-99	-201	-99	
244	330	293	65	345	262	
2772	1773	2577	15125	8888	9810	


200	1	9	1
25	312	405	201	189	303	317	49	161	282	
7	8	-99	-99	
316	48	262	0	
1950	1472	17391	14637	


200	1	10	1
319	219	391	397	318	204	160	13	350	93	
1	-710	
318	35	
5331	17909	


200	1	11	1
327	159	308	23	26	126	62	369	123	399	
9	-99	-99	-810	
122	60	0	35	
5595	4036	587	12377	


200	1	12	1
133	42	273	87	380	427	27	351	65	469	
9	2	-109	4	9	2	
64	41	122	86	64	41	
3622	2950	2841	1873	4750	9373	


200	1	13	1
302	274	67	372	433	432	9	480	97	459	
9	10	-1206	
96	458	53	
3000	3622	26564	


200	1	14	1
452	103	475	75	157	131	465	434	184	453	
10	9	8	-1110	
452	183	433	35	
1386	823	2641	37668	


200	1	15	1
322	381	134	61	175	178	164	284	404	251	
9	10	
403	250	
3259	2295	


200	1	16	1
115	336	398	208	154	173	180	393	185	283	
9	-1005	8	-1506	
184	105	392	53	
5959	4304	6314	21932	


200	1	17	1
354	328	83	190	112	24	85	209	14	394	
4	10	3	2	
189	393	82	327	
3045	1505	5419	7765	


200	1	18	1
170	333	35	50	423	135	196	330	223	471	
9	-99	-1209	-104	
222	472	248	189	
2922	1973	22373	2141	


200	1	19	1
293	281	197	237	304	79	213	257	280	301	
10	8	1	2	
300	256	292	280	
2750	10350	3686	8497	


200	1	20	1
387	297	334	91	19	216	7	400	250	416	
7	-99	-110	7	8	
6	251	300	6	399	
1955	2835	10915	5019	1710	


200	1	21	1
191	225	104	451	276	279	166	364	349	248	
8	9	6	-99	
363	348	278	0	
4131	2269	2595	27037	


200	1	22	1
355	228	443	378	430	172	435	241	359	227	
10	-99	-504	
226	201	189	
1981	8378	1186	


200	1	23	1
111	221	169	212	473	22	129	305	73	233	
9	5	7	
72	472	128	
3595	986	1078	


