1	1	1	0
206	19	198	39	85	275	52	303	353	82	
-99	9	2	10	
0	352	18	81	
1581	923	1046	1604	


1	1	2	0
92	203	84	16	161	83	222	13	177	68	
1	10	7	2	6	4	
91	67	221	202	82	15	
1681	764	905	631	705	2300	


1	1	3	0
38	468	158	21	119	30	322	292	401	226	
2	1	4	-103	
467	37	20	83	
1468	818	868	16091	


1	1	4	0
32	184	240	286	462	470	357	274	393	451	
1	4	6	7	8	2	-99	
31	285	469	356	273	183	436	
3836	2341	2850	873	10500	15086	1223	


1	1	5	0
280	56	367	390	242	418	316	378	211	138	
1	8	9	10	4	2	
279	377	210	137	389	55	
1831	2909	3310	2127	5595	10582	


1	1	6	0
89	201	164	382	312	2	282	297	96	73	
9	1	2	3	
95	88	200	163	
1722	21509	605	3350	


1	1	7	0
81	288	23	88	144	361	27	112	12	287	
4	2	1	
87	287	80	
1613	877	14987	


1	1	8	0
70	28	270	95	279	326	25	146	51	136	
2	5	-107	4	10	7	4	
27	278	26	94	135	24	94	
5254	668	1628	2154	1373	5923	16136	


1	1	9	0
283	191	298	448	269	60	149	94	429	247	
8	9	10	-99	
93	428	246	319	
1627	654	9705	18659	


1	1	10	0
327	387	342	333	273	214	127	55	459	50	
9	8	10	5	6	
458	54	49	272	213	
977	632	777	704	632	


1	1	11	0
64	100	40	172	251	285	239	34	412	406	
9	7	8	5	3	2	10	
411	238	33	250	39	99	405	
1459	1627	968	1096	6145	8286	13455	


1	1	12	0
232	219	249	121	122	424	71	426	325	18	
7	2	3	1	4	10	6	
70	218	248	231	120	17	423	
777	877	818	728	904	8518	9146	


1	1	13	0
207	163	224	133	388	67	398	341	395	75	
1	8	9	7	5	
206	340	394	397	387	
1904	1027	914	2805	4390	


1	1	14	0
35	150	90	311	7	135	253	190	259	307	
7	4	
252	310	
18204	459	


1	1	15	0
436	187	212	421	154	254	481	181	167	62	
6	8	9	7	1	2	10	-99	7	
253	180	166	480	435	186	61	0	480	
1290	960	887	2700	1563	830	9180	1935	14180	


1	1	16	0
178	153	145	474	284	102	103	162	467	258	
7	8	6	5	3	4	1	-102	
102	161	101	283	144	473	177	186	
2340	691	737	1986	686	782	2237	3163	


1	1	17	0
380	233	295	350	422	168	323	9	61	98	
8	7	6	5	4	-99	1	
8	322	167	421	349	0	379	
6027	873	886	3195	5455	3495	614	


1	1	18	0
291	250	142	139	236	183	196	10	443	189	
5	-101	10	3	4	
235	379	188	141	138	
1318	1241	2572	4937	650	


1	1	19	0
304	128	359	8	238	147	437	74	235	456	
1	2	
303	127	
6818	832	


1	1	20	0
318	415	315	199	97	216	260	302	93	200	
5	8	10	7	
96	301	199	259	
1240	1050	35050	1673	


1	1	21	0
160	409	131	466	290	434	431	440	306	328	
10	-99	
327	0	
2213	14759	


1	1	22	0
300	143	229	22	355	389	69	338	324	416	
9	2	4	3	5	
323	142	21	228	354	
981	5759	5078	3522	12591	


1	1	23	0
210	475	80	309	381	479	197	218	117	255	
3	4	8	-99	
79	308	217	254	
940	887	1141	932	


2	1	1	0
98	58	357	313	15	219	101	433	91	322	
9	2	-99	8	5	
90	57	84	432	14	
1554	805	641	781	5023	


2	1	2	0
447	399	364	144	420	422	395	215	272	160	
3	9	6	1	
363	271	421	446	
1550	968	1241	19568	


2	1	3	0
473	105	437	478	410	153	419	81	388	394	
10	8	3	9	2	5	
393	80	436	387	104	409	
1481	787	645	4487	3550	28695	


2	1	4	0
88	331	427	201	445	178	376	236	53	149	
6	5	
177	444	
1072	2778	


2	1	5	0
177	158	99	407	243	466	14	254	200	232	
1	4	9	
176	406	199	
4277	618	9973	


2	1	6	0
51	283	129	176	5	184	462	126	381	166	
4	1	10	7	9	
175	50	165	461	380	
1659	1204	468	737	10763	


2	1	7	0
310	228	70	253	197	306	46	362	161	452	
2	1	4	6	-99	10	
227	309	252	305	188	451	
2154	509	5332	1582	15704	12682	


2	1	8	0
274	337	387	320	414	238	305	309	173	145	
6	1	2	4	
237	273	336	319	
8150	4050	840	932	


2	1	9	0
257	352	446	404	233	6	106	111	301	205	
10	2	7	6	-402	
204	351	105	5	157	
1222	718	1610	581	29159	


2	1	10	0
360	289	39	300	4	431	223	307	302	304	
10	8	
303	306	
868	709	


2	1	11	0
202	321	426	66	95	296	33	262	194	268	
9	3	1	7	8	
193	425	201	32	261	
1322	682	1927	3600	478	


2	1	12	0
288	64	151	383	40	31	128	231	104	152	
3	5	
150	39	
18681	14409	


2	1	13	0
349	2	206	87	242	385	255	235	103	430	
9	4	3	6	5	8	7	
102	86	205	384	241	234	254	
900	1177	1286	905	841	2604	7841	


2	1	14	0
209	273	142	185	323	172	280	279	38	131	
6	2	1	
171	272	208	
1245	877	39855	


2	1	15	0
258	369	116	229	11	314	434	155	62	408	
10	7	
407	433	
1504	1664	


2	1	16	0
319	346	345	398	32	372	8	86	69	392	
5	3	1	2	8	9	
31	344	318	345	85	68	
8377	2391	3113	1946	13263	650	


2	1	17	0
396	226	317	227	221	102	397	315	90	208	
2	1	3	10	8	
225	395	316	207	314	
2572	923	1391	4332	15795	


2	1	18	0
465	47	449	245	195	299	440	463	332	423	
1	9	2	5	
464	331	46	194	
436	1323	2486	2823	


2	1	19	0
125	382	278	405	82	291	261	365	418	368	
7	-101	
260	464	
18195	6825	


2	1	20	0
117	413	25	351	216	287	42	54	132	450	
9	7	8	
131	41	53	
1304	618	1455	


2	1	21	0
327	361	189	354	165	265	28	470	118	115	
9	5	7	
117	164	27	
13763	13305	2972	


2	1	22	0
75	113	121	326	143	22	50	212	328	190	
-99	-102	-103	
155	360	188	
12463	29150	409	


2	1	23	0
448	133	188	271	186	435	264	375	24	240	
9	4	1	3	
23	270	447	187	
968	663	873	782	


3	1	1	0
321	359	278	246	134	69	365	15	64	190	
1	6	2	7	9	-99	
320	68	358	364	63	0	
5677	723	754	777	2582	9903	


3	1	2	0
374	57	455	212	353	35	393	400	5	275	
1	10	9	4	
373	274	4	211	
4181	919	2368	30663	


3	1	3	0
108	195	54	62	161	373	24	409	236	131	
1	2	4	7	9	6	
107	194	61	23	235	372	
4009	613	596	2345	691	2464	


3	1	4	0
165	135	417	104	428	168	94	123	181	252	
7	1	8	9	2	3	4	
93	164	122	180	134	416	103	
1913	555	1450	636	10596	5318	800	


3	1	5	0
175	415	237	331	68	17	50	206	2	233	
-99	
490	
45000	


3	1	6	0
336	319	377	4	6	150	276	143	214	192	
1	-99	5	
335	319	5	
2550	663	1205	


3	1	7	0
149	21	313	347	382	401	178	332	394	219	
9	
393	
14740	


3	1	8	0
258	72	78	148	151	318	229	341	92	420	
3	4	1	2	6	-99	
77	147	257	71	317	421	
4486	2277	1146	1100	6609	18445	


3	1	9	0
38	468	327	156	432	200	450	98	265	402	
7	1	2	4	-109	-99	
449	37	467	155	91	0	
3722	5650	805	2391	13036	15896	


3	1	10	0
183	16	31	37	114	242	371	345	248	63	
1	9	7	6	3	
182	247	370	241	30	
2863	2277	2069	3586	4932	


3	1	11	0
391	406	27	91	312	272	422	301	302	112	
4	6	-102	7	3	1	2	-99	
90	271	15	421	26	390	405	13	
6272	850	2764	2227	12087	1877	832	3145	


3	1	12	0
65	137	263	152	456	213	370	407	287	411	
1	5	8	6	2	3	9	5	
64	455	406	212	136	262	286	455	
2009	600	786	2832	7395	2514	4577	16068	


3	1	13	0
26	177	7	289	71	447	186	352	264	211	
1	10	6	7	
25	210	446	185	
1868	622	832	705	


3	1	14	0
36	217	198	220	193	270	322	142	95	74	
9	10	1	2	3	7	6	
94	73	35	216	197	321	269	
2227	654	959	910	1400	7009	3868	


3	1	15	0
9	250	10	471	44	160	244	274	20	82	
-101	8	9	10	-99	
35	273	19	81	306	
3177	1886	1041	2346	16113	


3	1	16	0
221	42	79	232	122	389	155	269	218	277	
1	2	3	8	9	
220	41	78	268	217	
2454	923	800	1573	1500	


3	1	17	0
444	424	97	466	314	25	306	227	147	334	
6	2	1	
24	423	443	
6236	3659	1832	


3	1	18	0
14	257	273	284	266	157	43	451	164	311	
7	2	10	9	
42	256	310	163	
17509	1018	1000	9336	


3	1	19	0
169	383	481	480	136	226	473	138	224	167	
1	2	9	3	6	10	-99	1	
168	382	223	480	225	166	466	168	
2754	786	682	768	1005	1641	1527	14823	


3	1	20	0
59	476	100	53	77	281	228	296	280	189	
1	7	9	3	-409	10	
58	227	279	99	217	188	
3690	1791	1937	21422	3064	11418	


3	1	21	0
159	308	412	291	215	170	259	474	379	440	
6	4	9	
169	290	378	
6072	9323	814	


3	1	22	0
111	129	385	464	239	478	477	458	101	254	
10	8	-99	
253	457	84	
1895	964	1254	


3	1	23	0
197	294	310	403	8	115	418	256	425	446	
6	4	5	3	-99	-99	
114	402	7	309	445	0	
8359	777	1200	1373	2095	9355	


4	1	1	0
408	415	303	279	354	401	177	343	473	204	
1	4	5	
407	278	353	
1745	1109	1646	


4	1	2	0
143	378	59	440	212	231	83	379	111	307	
8	1	10	3	6	7	8	2	
378	142	306	58	230	82	378	377	
1077	1379	2119	1247	4028	2915	6332	8056	


4	1	3	0
374	273	454	185	478	475	27	439	119	338	
2	3	9	10	-99	
272	453	118	337	0	
5272	1541	1382	1109	15205	


4	1	4	0
163	96	128	252	337	301	54	318	164	270	
-99	9	2	3	5	
0	163	95	127	336	
1745	945	1441	7873	2359	


4	1	5	0
4	70	62	245	341	18	346	277	225	391	
-99	
490	
45000	


4	1	6	0
405	315	51	122	240	260	467	424	120	292	
9	4	3	1	-99	-102	
119	121	50	404	245	69	
1954	2123	1695	8478	10795	15473	


4	1	7	0
230	153	213	194	67	89	46	311	115	134	
8	4	10	3	7	-409	
310	193	133	212	45	118	
3359	954	1232	1591	5304	27805	


4	1	8	0
434	197	152	165	127	397	45	465	394	466	
4	6	7	
164	396	44	
2431	650	1805	


4	1	9	0
219	190	269	265	109	221	33	142	159	250	
8	7	9	
141	32	158	
3195	2436	30009	


4	1	10	0
23	161	136	395	233	133	348	63	352	184	
1	3	4	10	5	6	3	
22	135	394	183	232	132	135	
1277	1518	823	1868	10614	668	22672	


4	1	11	0
125	176	293	287	29	82	288	274	323	396	
6	9	5	10	7	8	
81	322	28	395	287	273	
3259	1527	1518	2159	1191	28696	


4	1	12	0
130	259	457	222	146	157	385	372	368	310	
9	-99	6	3	1	-99	4	
367	0	156	456	129	480	221	
3013	1696	1568	2013	2032	3291	14318	


4	1	13	0
124	365	129	414	66	253	73	320	381	410	
3	9	6	7	
128	380	252	72	
2604	714	2209	2727	


4	1	14	0
166	429	412	479	462	242	41	172	442	234	
9	5	10	1	7	
441	461	233	165	40	
3786	5218	8873	2163	1523	


4	1	15	0
326	335	14	409	52	312	171	25	30	331	
2	3	7	6	
334	13	170	311	
2422	778	4063	987	


4	1	16	0
345	150	291	353	40	304	138	216	402	193	
1	2	10	7	6	3	
344	149	192	137	303	290	
1477	1045	1859	3000	1714	9773	


4	1	17	0
13	42	196	437	169	36	53	330	37	329	
10	-1604	2	-104	
328	278	41	352	
1240	2328	3354	36309	


4	1	18	0
104	9	333	39	121	148	182	369	474	181	
9	7	-609	
473	181	367	
2972	868	15669	


4	1	19	0
21	55	26	357	155	95	296	347	417	173	
2	3	5	7	-99	
54	25	154	295	0	
713	1882	7086	991	605	


4	1	20	0
438	178	160	217	85	423	443	189	78	156	
4	2	5	6	7	
216	177	84	422	442	
1577	1395	782	1364	1595	


4	1	21	0
32	398	336	205	64	377	11	407	186	452	
6	8	1	3	
376	406	31	335	
4831	1341	10068	13037	


4	1	22	0
297	370	295	268	215	476	208	199	257	276	
8	1	9	2	3	7	5	4	
198	296	256	369	294	207	214	267	
4245	1445	2623	3914	1363	2450	23569	1877	


4	1	23	0
294	243	246	180	363	145	99	254	290	167	
-107	
207	
6259	


6	1	1	0
324	265	347	143	292	288	305	96	39	250	
9	5	6	7	8	4	1	
38	291	287	304	95	142	323	
3368	627	786	623	664	813	8664	


6	1	2	0
15	48	34	280	132	428	24	447	31	17	
2	1	10	9	6	
47	14	16	30	427	
1845	1086	2232	700	16377	


6	1	3	0
9	240	335	37	480	148	290	313	76	70	
-99	9	5	6	2	8	
45	75	479	147	239	312	
1850	736	2286	718	1232	28705	


6	1	4	0
238	407	273	432	282	311	455	46	249	267	
-104	8	1	
36	45	237	
1009	1072	678	


6	1	5	0
99	47	300	316	451	302	457	431	438	352	
7	2	
456	46	
3763	11477	


6	1	6	0
478	255	410	299	167	293	56	289	408	441	
8	1	-207	
288	477	454	
3722	23305	2463	


6	1	7	0
252	434	304	94	339	114	172	402	307	367	
1	4	7	8	9	10	6	
251	93	171	401	306	366	113	
968	672	1014	1014	9832	1377	16618	


6	1	8	0
13	187	346	81	77	414	97	270	236	36	
1	9	7	
12	235	96	
2409	5681	10141	


6	1	9	0
23	380	19	119	253	102	294	337	456	95	
8	
336	
2386	


6	1	10	0
327	365	22	388	42	112	55	195	136	459	
9	8	7	
135	194	54	
2390	719	613	


6	1	11	0
38	464	3	385	392	11	184	117	149	258	
6	7	8	3	
10	183	116	2	
2200	581	855	4204	


6	1	12	0
122	155	360	135	269	183	251	427	103	245	
-99	
490	
45000	


6	1	13	0
224	80	87	90	453	124	268	409	281	210	
7	10	3	4	5	
267	209	86	89	452	
804	1268	2041	687	32100	


6	1	14	0
14	397	320	436	84	344	401	422	45	374	
5	
83	
39213	


6	1	15	0
139	366	278	218	86	254	325	170	52	247	
9	10	6	2	
51	246	253	365	
2063	4614	6741	3545	


6	1	16	0
176	233	362	396	220	85	430	53	27	229	
2	9	
232	26	
8931	5609	


6	1	17	0
475	263	384	421	98	216	297	128	28	202	
2	1	6	7	
262	474	215	296	
881	1387	9272	650	


6	1	18	0
368	404	266	214	439	417	363	336	111	185	
-99	2	4	
0	403	213	
1136	636	568	


6	1	19	0
398	287	462	191	328	228	317	403	4	369	
7	-107	
316	362	
2795	24859	


6	1	20	0
405	104	460	261	12	205	246	331	452	18	
10	8	9	
17	330	451	
900	1554	727	


6	1	21	0
322	303	134	248	378	7	161	182	71	221	
4	
247	
26677	


6	1	22	0
314	341	105	260	54	72	349	196	225	375	
2	1	3	
340	313	104	
2095	832	563	


6	1	23	0
168	419	159	467	10	262	222	41	359	35	
9	8	5	4	3	
358	40	9	466	158	
4763	5123	6495	537	3727	


7	1	1	0
282	372	152	73	165	360	145	148	26	252	
9	8	
25	147	
3559	627	


7	1	2	0
458	58	399	307	389	46	89	459	65	456	
1	6	8	7	3	5	
457	45	458	88	398	388	
2995	1250	13745	641	3950	1355	


7	1	3	0
34	129	332	163	139	450	153	427	300	437	
10	2	1	
436	128	33	
31422	1223	4627	


7	1	4	0
240	414	39	343	371	142	71	315	405	457	
9	4	
404	342	
3918	24577	


7	1	5	0
354	97	285	271	468	225	187	75	313	469	
1	2	3	4	
353	96	284	270	
2881	1050	1632	1123	


7	1	6	0
308	306	117	88	25	254	297	175	38	404	
4	1	
87	307	
2804	2096	


7	1	7	0
147	150	115	196	281	318	401	257	443	466	
1	5	6	
146	280	317	
2636	4804	28955	


7	1	8	0
125	92	35	15	135	4	340	24	393	259	
7	8	1	10	4	-107	
339	23	124	258	14	400	
3768	554	1937	1445	1459	25832	


7	1	9	0
375	183	186	184	98	120	302	435	289	146	
2	3	4	
182	185	183	
2804	3082	882	


7	1	10	0
478	123	133	339	197	201	69	47	3	7	
4	5	9	10	2	3	8	
338	196	2	6	122	132	46	
4086	1373	1013	641	9659	791	22205	


7	1	11	0
60	244	390	331	291	94	290	245	182	463	
9	8	1	2	5	
181	244	59	243	290	
2545	1914	7581	2482	20491	


7	1	12	0
262	22	199	249	322	203	359	400	242	338	
-99	
0	
4140	


7	1	13	0
162	362	23	109	29	323	81	394	108	295	
8	3	1	
393	22	161	
5527	1154	14673	


7	1	14	0
95	227	202	233	305	36	438	310	224	273	
1	8	7	
94	309	437	
3459	1645	23323	


7	1	15	0
272	384	151	342	54	134	131	448	200	434	
2	9	8	5	7	
383	199	447	53	130	
8513	1377	6882	2682	6673	


7	1	16	0
55	253	263	449	48	317	179	248	373	231	
9	10	4	1	3	-507	
372	230	448	54	262	289	
2568	859	1468	6632	4377	1241	


7	1	17	0
154	16	8	341	116	127	430	156	128	461	
1	2	10	
153	15	460	
11004	3227	7314	


7	1	18	0
326	237	33	10	413	80	465	173	211	474	
7	4	9	1	3	5	
464	9	210	325	32	412	
4568	1991	3172	8505	2082	3909	


7	1	19	0
214	395	204	103	286	191	380	256	113	475	
1	2	6	10	-110	
213	394	190	474	473	
2540	1655	5709	17382	11218	


7	1	20	0
132	206	12	31	83	220	235	365	79	177	
10	8	
176	364	
4077	34545	


7	1	21	0
53	137	50	335	304	246	406	101	76	396	
10	4	3	
395	334	49	
5609	6427	3127	


7	1	22	0
433	57	44	212	442	367	66	87	330	426	
4	8	7	6	
211	86	65	366	
4300	6240	755	21564	


7	1	23	0
278	309	453	9	265	388	96	370	37	172	
5	2	6	
264	308	387	
5813	4114	4223	


8	1	1	0
207	349	97	71	242	92	60	277	456	436	
10	1	9	6	7	2	3	
435	206	455	91	59	348	96	
404	1991	1918	1741	1809	1837	10290	


8	1	2	0
345	14	172	211	219	149	56	54	95	288	
1	10	8	6	9	3	4	2	-99	
344	287	53	148	94	171	210	13	0	
1031	1650	1641	1923	1673	1713	1855	8286	14573	


8	1	3	0
49	88	55	157	26	325	125	244	108	310	
9	2	3	4	10	
107	87	54	156	309	
2995	1255	790	1346	1777	


8	1	4	0
201	87	423	220	360	432	16	117	235	179	
-101	2	3	6	10	1	
48	86	422	431	178	200	
2054	1268	1709	1937	1809	22004	


8	1	5	0
258	481	29	407	424	123	356	67	5	195	
8	3	10	5	9	2	1	6	-99	
66	28	194	423	4	480	257	122	0	
2731	1991	2009	1650	1746	1527	1873	1595	18882	


8	1	6	0
76	240	182	197	380	15	109	142	324	98	
10	2	4	7	
97	239	196	108	
5322	4923	2182	13482	


8	1	7	0
75	48	186	174	311	13	216	141	257	336	
5	9	10	1	
310	256	335	74	
1690	1078	1609	4282	


8	1	8	0
103	266	298	64	460	53	159	361	433	228	
4	9	7	8	6	
63	432	158	360	52	
800	1136	1277	1200	1423	


8	1	9	0
111	214	285	271	238	379	281	478	205	347	
7	8	10	5	9	
280	477	346	237	204	
913	1487	1504	1546	24336	


8	1	10	0
337	278	375	306	45	301	138	129	474	236	
8	9	10	6	
128	473	235	300	
1213	1209	1405	1368	


8	1	11	0
231	104	323	471	164	37	35	261	215	234	
5	6	9	10	
163	36	214	233	
1427	1077	1123	1223	


8	1	12	0
419	120	233	25	133	173	156	84	170	327	
7	6	8	9	
155	172	83	169	
1759	1281	1614	16164	


8	1	13	0
39	105	386	348	168	73	378	275	132	367	
8	10	7	9	
274	366	377	131	
2013	914	1532	5654	


8	1	14	0
65	354	110	152	134	450	18	297	225	183	
10	5	7	2	
182	133	17	353	
627	1423	1645	1523	


8	1	15	0
408	2	389	33	318	416	470	365	248	353	
2	7	4	8	10	1	
1	469	32	364	352	407	
1013	1064	1195	1255	1236	2005	


8	1	16	0
451	161	339	78	272	70	209	372	100	435	
3	7	9	6	10	
338	208	99	69	434	
945	1214	1422	1269	1322	


8	1	17	0
299	136	377	440	443	167	264	426	210	213	
9	1	2	10	7	
209	298	135	212	263	
1077	804	823	959	3318	


8	1	18	0
169	181	139	184	155	154	7	6	399	52	
7	9	8	5	10	
6	398	5	154	51	
1136	1641	1541	1909	1400	


8	1	19	0
30	28	44	391	243	446	177	445	82	93	
1	10	9	
29	92	81	
1695	1136	1287	


8	1	20	0
468	101	267	364	276	273	81	409	69	57	
1	9	10	
467	68	56	
77	913	1264	


8	1	21	0
32	289	151	203	208	91	315	31	58	20	
8	10	1	
30	19	31	
1486	495	2796	


8	1	22	0
403	223	329	473	162	41	23	300	19	320	
10	-99	3	-99	6	
319	474	328	0	40	
536	1045	1346	1177	2364	


8	1	23	0
317	222	417	40	77	11	229	366	359	477	
-99	5	2	7	3	6	8	4	
476	76	221	228	416	10	365	39	
577	977	996	1095	995	1246	5273	6336	


9	1	1	0
372	79	3	207	193	122	143	279	102	56	
7	5	6	-99	-99	8	3	-99	10	
142	192	121	480	0	278	2	0	55	
1509	1318	1918	1473	1422	1673	7327	11369	4927	


9	1	2	0
78	370	111	329	164	396	116	184	246	199	
7	6	1	2	8	5	9	
115	395	77	369	183	163	245	
1609	1509	1463	1746	1791	2895	7591	


9	1	3	0
139	98	333	171	151	448	358	348	389	120	
2	9	4	6	7	8	1	
97	388	170	447	357	347	138	
1054	1423	14350	1313	1769	3227	3200	


9	1	4	0
280	429	185	87	169	61	24	461	59	190	
5	6	8	9	4	1	2	7	10	
168	60	460	58	86	279	428	23	189	
959	1354	1509	1682	1973	1341	1618	19159	6664	


9	1	5	0
127	62	64	301	379	97	469	474	239	426	
5	6	7	9	-106	1	
378	96	468	238	60	126	
1677	1341	1345	1573	9445	1214	


9	1	6	0
189	276	123	112	434	191	390	376	222	170	
6	8	9	3	
190	375	221	122	
1050	1154	1527	14246	


9	1	7	0
395	278	206	217	229	462	182	264	291	387	
1	7	6	8	9	5	
394	181	461	263	290	228	
1213	1382	1636	2069	3336	13000	


9	1	8	0
324	418	320	60	50	183	269	214	152	345	
10	8	2	1	5	7	
344	213	417	323	49	268	
800	1168	1009	1404	1632	1450	


9	1	9	0
317	373	92	350	315	4	153	224	326	157	
1	2	8	9	6	7	
316	372	223	325	3	152	
1300	1981	2741	1628	16040	2160	


9	1	10	0
197	480	101	468	155	175	244	146	36	354	
9	10	1	3	2	6	5	
35	353	196	100	479	174	154	
1904	1182	1436	1432	1214	34077	809	


9	1	11	0
436	80	82	274	9	140	124	215	121	113	
1	2	8	9	4	3	10	
435	79	214	120	273	81	112	
1536	1054	1955	1641	24586	1096	8745	


9	1	12	0
263	447	81	361	29	43	394	273	45	54	
10	1	2	8	9	7	5	6	
53	262	446	272	44	393	28	42	
1163	1414	1773	1572	3787	9100	659	568	


9	1	13	0
21	201	432	359	243	261	32	108	438	346	
10	1	2	4	3	8	-99	-104	
345	20	200	358	431	107	171	360	
900	1927	1573	1136	1795	1523	2632	18482	


9	1	14	0
272	69	382	307	65	84	66	55	227	162	
5	6	8	1	2	3	
64	83	54	271	68	381	
986	1173	1745	4323	9668	1690	


9	1	15	0
202	322	248	286	367	159	218	99	302	177	
3	7	4	5	6	1	2	5	
247	217	285	366	158	201	321	366	
2304	1423	1463	1373	1714	3268	1186	26259	


9	1	16	0
209	378	12	234	179	344	115	287	355	208	
1	10	2	4	8	9	3	
208	207	377	233	286	354	11	
1068	1400	1713	1596	1013	1932	14414	


9	1	17	0
194	168	163	463	133	453	235	240	85	388	
1	4	10	6	2	3	5	
193	462	387	452	167	162	132	
850	1704	4255	6013	2782	1177	12505	


9	1	18	0
176	237	118	420	88	336	335	106	300	321	
1	4	2	7	6	3	
175	419	236	334	335	117	
822	3114	2132	2436	1982	7218	


9	1	19	0
195	288	141	311	16	71	421	245	128	52	
8	9	10	1	4	3	2	
244	127	51	194	310	140	287	
1036	1900	1845	32850	1419	1159	1577	


9	1	20	0
150	446	440	282	365	392	331	86	6	70	
1	-99	10	9	2	7	
149	88	69	5	445	330	
1077	2028	1292	1845	23188	11057	


9	1	21	0
7	238	228	74	242	399	340	247	385	285	
1	2	3	4	5	8	9	
6	237	227	73	241	246	384	
1354	1464	1177	1650	1645	1282	1287	


9	1	22	0
439	371	233	456	258	135	57	318	364	325	
10	1	3	5	8	
324	438	232	257	317	
2563	2873	2154	1905	20032	


9	1	23	0
188	347	275	25	409	35	328	250	31	95	
-99	5	3	4	2	1	
94	408	274	24	346	187	
4404	3623	1813	1714	20159	768	


10	1	1	0
332	353	129	184	238	268	355	251	407	85	
7	5	-99	9	1	8	6	9	
354	237	0	406	331	250	267	406	
1368	2086	1655	1695	2964	3704	2805	7732	


10	1	2	0
171	351	112	65	430	387	87	237	402	164	
5	1	10	3	8	7	
429	170	163	111	236	86	
2163	2123	2536	2909	20500	3764	


10	1	3	0
194	279	106	12	148	344	133	394	277	62	
1	2	6	5	7	10	9	
193	278	343	147	132	61	276	
590	1305	1659	1450	6755	7259	4682	


10	1	4	0
55	91	337	317	336	123	252	263	180	321	
5	3	8	1	9	
335	336	262	54	179	
568	1636	1900	1841	16973	


10	1	5	0
105	413	308	169	52	6	75	138	93	347	
1	2	8	9	10	3	4	
104	412	137	92	346	307	168	
1450	1531	4364	6536	2500	12250	2396	


10	1	6	0
44	48	214	102	16	210	73	111	447	72	
2	1	3	4	5	-99	7	6	
47	43	213	101	15	0	72	209	
9618	1291	1109	1068	1418	6909	10273	3786	


10	1	7	0
98	349	400	40	248	396	193	221	267	83	
6	10	9	3	4	
395	82	266	399	39	
1031	1387	1645	2232	2327	


10	1	8	0
36	266	367	197	139	232	21	404	190	406	
9	8	2	4	5	3	
189	403	265	196	138	366	
995	6882	3186	3318	2150	3700	


10	1	9	0
90	135	475	56	414	300	219	95	429	366	
8	10	1	2	
94	365	89	134	
645	2005	10759	1004	


10	1	10	0
66	124	32	186	335	153	140	130	18	454	
10	9	3	2	1	
453	17	31	123	65	
177	641	1404	11805	1904	


10	1	11	0
264	89	150	365	176	222	313	9	425	216	
7	9	10	4	2	1	
312	424	215	364	88	263	
677	595	732	650	11746	6795	


10	1	12	0
34	379	168	191	25	76	374	131	439	448	
6	7	8	1	4	
75	373	130	33	190	
1100	836	1391	1795	1609	


10	1	13	0
418	160	368	354	167	403	274	49	42	39	
1	8	10	-303	
417	48	38	31	
1513	1423	1832	8213	


10	1	14	0
145	142	71	273	158	296	223	393	182	84	
4	2	8	6	7	9	
272	141	392	295	222	181	
563	1487	2368	4359	1782	6927	


10	1	15	0
315	240	173	226	339	86	151	96	94	201	
10	8	
200	95	
1513	1705	


10	1	16	0
360	246	306	295	68	382	79	242	431	329	
10	
328	
3031	


10	1	17	0
352	253	282	409	146	434	288	446	92	338	
4	8	9	
408	445	91	
740	1460	2600	


10	1	18	0
203	457	166	156	472	399	259	233	411	97	
3	8	10	4	
165	232	96	155	
63	1046	1086	1291	


10	1	19	0
77	60	388	35	5	311	461	119	334	438	
8	5	9	-99	2	1	
118	4	333	171	59	76	
227	823	1086	864	20945	10459	


10	1	20	0
432	302	405	451	316	377	426	165	476	147	
3	4	8	2	10	
404	450	164	301	146	
595	795	1155	1623	12127	


10	1	21	0
428	4	118	212	378	291	227	61	314	3	
9	5	4	
313	377	211	
236	936	3373	


10	1	22	0
174	278	172	159	465	250	100	293	340	287	
8	9	10	3	
292	339	286	171	
1550	1331	1319	12159	


10	1	23	0
2	416	460	290	269	298	384	224	276	389	
9	7	-99	6	
275	383	388	297	
409	1163	1423	2041	


12	1	1	0
23	21	208	444	351	291	6	97	62	169	
1	2	5	3	8	
22	20	350	207	96	
6100	1195	1064	1204	1359	


12	1	2	0
116	117	28	8	261	378	189	236	424	29	
2	1	8	-99	7	5	9	
116	115	235	0	188	260	423	
2904	991	1314	2131	6964	2250	9409	


12	1	3	0
334	12	202	397	462	263	64	195	321	80	
4	5	6	8	7	
396	461	262	194	63	
14600	1263	941	2423	1200	


12	1	4	0
43	303	130	290	90	197	186	432	131	158	
1	2	9	10	6	5	7	9	-108	
42	302	130	157	196	89	185	130	194	
1868	950	1013	1032	1791	855	1027	25545	8659	


12	1	5	0
120	249	384	44	200	157	20	152	275	164	
9	10	5	4	2	1	9	6	
274	163	199	43	248	119	274	156	
1377	1400	2291	2245	10350	2118	9496	13032	


12	1	6	0
352	7	364	16	278	390	294	412	288	267	
9	7	8	3	1	5	6	
287	293	411	363	351	277	389	
6800	3863	4914	4700	7232	5659	1650	


12	1	7	0
4	187	173	375	475	345	134	24	451	51	
7	10	8	9	
133	50	23	450	
936	964	790	1323	


12	1	8	0
274	283	411	32	336	415	71	207	205	343	
7	8	9	6	5	8	
70	206	204	414	335	206	
1195	1105	1004	809	1327	24705	


12	1	9	0
174	137	235	394	11	370	339	442	185	144	
-504	8	9	10	
289	441	184	143	
1022	1009	1273	1386	


12	1	10	0
99	322	108	328	167	256	402	480	293	311	
10	7	3	9	
310	401	107	292	
1522	5568	2250	5973	


12	1	11	0
100	193	17	230	135	50	358	96	25	223	
10	8	7	4	
222	95	357	229	
1181	900	1509	1128	


12	1	12	0
221	386	98	194	440	148	347	138	316	27	
10	7	6	4	9	
26	346	147	193	315	
1277	986	891	1468	23382	


12	1	13	0
335	139	324	381	404	313	357	264	155	337	
6	7	9	8	
312	356	154	263	
7609	1713	1678	18454	


12	1	14	0
40	63	393	13	320	400	367	449	314	225	
9	10	2	1	3	
313	224	62	39	392	
781	6428	15441	1250	2963	


12	1	15	0
308	172	452	332	166	268	266	481	301	112	
6	7	8	5	3	2	
267	265	480	165	451	171	
1600	1209	1654	1727	1910	29677	


12	1	16	0
439	407	35	111	239	14	18	438	55	77	
3	4	2	-99	5	7	1	
34	110	406	0	238	17	438	
1518	991	1209	2245	1882	16436	7137	


12	1	17	0
468	435	271	416	215	53	79	300	428	391	
6	5	7	9	10	2	1	
52	214	78	427	390	434	467	
1986	4032	9027	3436	2159	5487	4941	


12	1	18	0
84	34	242	214	240	216	76	31	341	87	
7	10	9	3	4	8	
75	86	340	241	213	30	
2459	6404	1800	2455	1213	10232	


12	1	19	0
41	295	265	178	406	307	88	141	463	272	
9	10	4	
462	271	177	
1627	1491	13804	


12	1	20	0
371	309	392	382	362	204	231	124	413	409	
8	9	10	7	5	
123	412	408	230	361	
1386	1273	1827	1691	20118	


12	1	21	0
73	2	196	253	421	246	206	454	201	251	
-99	
490	
45000	


12	1	22	0
91	156	46	254	281	122	10	222	102	340	
6	7	8	9	10	5	2	4	1	3	
121	9	221	101	339	280	155	253	90	45	
1636	1632	1195	2482	2536	1650	1755	7832	1386	20855	


12	1	23	0
280	147	170	247	81	473	209	103	5	279	
-99	7	9	1	3	-503	5	
278	208	4	279	169	241	80	
940	1832	1964	3295	1632	11759	13168	


13	1	1	0
270	140	358	439	191	448	235	451	24	168	
4	5	6	3	1	
438	190	447	357	269	
827	1336	1164	1541	3982	


13	1	2	0
468	313	67	172	151	76	108	208	66	34	
4	3	10	7	8	6	
171	66	33	107	207	75	
1909	1136	1400	1264	15822	9278	


13	1	3	0
316	89	436	106	85	8	257	143	466	425	
8	1	7	9	
142	315	256	465	
777	1091	8477	28241	


13	1	4	0
461	16	299	45	224	160	86	48	211	341	
2	
15	
22613	


13	1	5	0
454	255	33	149	153	105	145	243	368	354	
9	1	3	
367	453	32	
1213	1600	1532	


13	1	6	0
58	174	31	248	435	387	165	246	415	389	
7	8	6	1	2	10	
164	245	386	57	173	388	
1995	1173	2522	6873	8141	11768	


13	1	7	0
393	197	36	212	102	472	121	403	332	142	
1	9	8	10	4	3	
392	331	402	141	211	35	
1895	1355	1254	1546	3704	6568	


13	1	8	0
130	383	231	337	166	226	347	474	348	91	
10	8	6	5	
90	473	225	165	
972	1687	6618	17709	


13	1	9	0
334	74	30	244	10	80	283	133	327	167	
1	5	6	7	8	2	4	
333	9	79	282	132	73	243	
1054	7409	846	795	4982	11004	1510	


13	1	10	0
97	29	123	155	98	203	77	158	406	47	
10	9	3	1	
46	405	122	96	
1490	1610	1836	3345	


13	1	11	0
317	407	366	41	199	381	60	324	405	260	
10	6	8	9	5	-99	
259	380	323	404	198	10	
1122	6250	1091	1182	1691	15441	


13	1	12	0
262	178	275	404	120	374	223	356	286	216	
9	2	3	4	
285	177	274	403	
790	1296	986	1150	


13	1	13	0
335	306	183	139	132	402	164	352	147	441	
7	8	5	
163	351	131	
968	4791	3000	


13	1	14	0
59	307	104	138	328	319	61	157	377	141	
4	5	8	9	10	-99	1	
137	327	156	376	140	61	58	
1472	618	832	723	1900	4064	14122	


13	1	15	0
373	50	252	430	119	63	331	75	15	459	
6	7	1	10	5	9	
62	330	372	458	118	14	
868	1182	1322	1568	3119	18586	


13	1	16	0
124	418	37	6	249	295	209	467	293	185	
7	10	8	9	3	6	4	5	
208	184	466	292	36	294	5	248	
1168	1359	1113	1205	3395	919	877	14077	


13	1	17	0
423	289	84	53	169	414	386	471	214	277	
4	9	3	
52	213	83	
1313	2300	6105	


13	1	18	0
424	241	42	273	417	431	340	107	2	202	
7	4	10	8	1	2	
339	272	201	106	423	240	
1204	1400	1373	1368	1427	2341	


13	1	19	0
359	396	205	127	258	179	312	135	134	438	
1	2	6	7	3	4	
358	395	178	311	204	126	
1427	1132	1541	1568	27113	800	


13	1	20	0
193	434	443	336	82	458	110	268	261	150	
1	7	8	
192	109	267	
790	1141	1005	


13	1	21	0
444	137	204	236	330	88	429	186	265	250	
9	10	6	3	4	-99	
264	249	87	203	235	0	
1177	1254	1223	1300	1336	10282	


13	1	22	0
266	309	154	118	9	279	326	14	259	284	
10	8	7	9	1	
283	13	325	258	265	
1377	1704	2996	2554	35137	


13	1	23	0
401	99	462	370	146	264	229	372	339	269	
-99	1	
268	400	
804	34468	


14	1	1	0
150	77	64	11	14	251	264	426	110	130	
6	9	3	8	5	10	2	
250	109	63	425	13	129	76	
1622	1032	627	1128	1191	8050	14350	


14	1	2	0
121	104	388	295	224	456	113	168	463	340	
1	2	10	7	
120	103	339	112	
2359	2622	1059	19123	


14	1	3	0
316	134	200	349	61	166	39	312	314	323	
8	1	10	7	6	5	3	2	
311	315	322	38	165	60	199	133	
1872	582	636	1055	727	5682	1105	25036	


14	1	4	0
256	137	194	345	350	325	440	275	303	425	
1	4	3	8	2	5	
255	344	193	274	136	349	
3390	860	1822	1196	5245	24337	


14	1	5	0
263	477	138	298	125	414	60	103	397	51	
1	2	9	
262	476	396	
1809	863	3955	


14	1	6	0
324	209	136	339	270	385	234	76	92	173	
4	7	1	2	3	
338	233	323	208	135	
1268	1409	9445	2664	868	


14	1	7	0
322	310	480	182	351	217	384	317	70	100	
1	2	3	4	
321	309	479	181	
1413	664	2632	2363	


14	1	8	0
282	3	84	73	72	424	42	33	445	462	
1	8	2	5	6	
281	32	2	71	423	
5150	2177	4559	2114	13809	


14	1	9	0
344	8	254	55	157	394	65	239	228	360	
1	2	8	9	4	
343	7	238	227	54	
1750	1772	1314	11159	21986	


14	1	10	0
85	45	71	108	128	353	47	154	437	381	
5	10	4	
127	380	107	
4081	773	1827	


14	1	11	0
403	276	170	294	341	190	453	259	68	280	
-99	
490	
45000	


14	1	12	0
454	262	153	227	257	32	305	404	167	46	
1	10	6	2	7	9	
453	45	31	261	304	166	
1559	795	727	2259	2137	5768	


14	1	13	0
181	189	368	164	41	242	17	208	35	230	
9	10	1	
34	229	180	
1281	573	4850	


14	1	14	0
2	52	386	160	363	147	427	19	374	26	
2	4	9	10	8	
51	159	373	25	18	
1786	645	755	3582	3686	


14	1	15	0
395	261	16	387	269	155	135	279	362	449	
2	6	9	8	
260	154	361	278	
4390	482	2587	1477	


14	1	16	0
83	331	277	235	78	290	67	37	252	216	
7	8	3	2	1	
66	36	276	330	82	
1804	846	740	591	11614	


14	1	17	0
377	297	75	481	343	443	213	123	195	185	
10	9	8	7	-1407	2	5	
184	194	122	212	38	296	342	
1750	986	7459	11318	3196	4291	7554	


14	1	18	0
144	407	461	319	284	131	152	201	448	124	
2	1	10	6	7	
406	143	123	130	151	
1554	964	2586	918	15878	


14	1	19	0
315	473	66	43	158	369	175	348	20	346	
10	9	5	4	
345	19	157	42	
1768	486	691	20118	


14	1	20	0
174	188	289	192	6	30	271	435	450	25	
10	9	7	8	2	
24	449	270	434	187	
4813	655	877	1832	26863	


14	1	21	0
410	197	356	44	180	241	94	9	5	177	
7	10	9	2	
93	176	4	196	
3545	1014	1213	1496	


14	1	22	0
250	161	428	186	13	468	274	399	335	245	
10	9	4	
244	334	185	
2350	1400	10650	


14	1	23	0
342	111	474	307	219	115	80	267	222	24	
1	-99	3	-105	9	
341	23	473	12	221	
2418	1232	1150	6086	11295	


15	1	1	0
194	119	31	343	138	288	50	207	299	97	
1	2	6	3	9	10	5	
193	118	287	30	298	96	137	
3209	1254	1423	1518	1650	10423	15077	


15	1	2	0
303	81	162	175	452	337	389	58	93	27	
8	7	10	
57	388	26	
3450	1145	8223	


15	1	3	0
239	409	133	211	235	278	77	271	10	463	
8	6	5	4	-101	3	
270	277	234	210	302	132	
1822	1118	1387	24291	4313	1273	


15	1	4	0
169	139	99	291	320	33	243	57	418	78	
8	7	1	6	
56	242	168	32	
4027	1423	1759	24236	


15	1	5	0
213	248	170	136	67	166	231	481	246	214	
1	10	2	
212	213	247	
1277	991	2168	


15	1	6	0
149	460	218	152	62	64	376	44	88	49	
3	10	6	7	8	1	4	2	
217	48	63	375	43	148	151	459	
1231	1105	1841	3354	1205	4436	1128	950	


15	1	7	0
116	201	340	164	41	436	364	86	393	65	
1	4	7	2	
115	163	363	200	
1127	1241	3968	3045	


15	1	8	0
144	233	95	56	451	295	188	312	294	124	
9	7	
293	187	
1154	1191	


15	1	9	0
101	14	317	128	368	377	242	75	186	329	
1	4	6	3	
100	127	376	316	
1322	1909	1173	1655	


15	1	10	0
38	332	431	127	159	426	293	98	382	362	
7	3	1	2	
292	430	37	331	
3004	2296	922	1632	


15	1	11	0
469	82	357	191	476	286	356	386	53	378	
1	6	7	
468	285	355	
981	1505	2604	


15	1	12	0
115	247	268	100	425	123	187	185	307	36	
5	8	
424	184	
1618	1695	


15	1	13	0
395	92	339	358	311	406	7	321	234	55	
1	3	5	7	9	4	
394	338	310	6	233	357	
1050	1100	1531	1478	1518	1382	


15	1	14	0
176	297	470	91	109	407	280	267	13	478	
6	4	2	3	
406	90	296	469	
2163	1555	10563	6332	


15	1	15	0
270	210	471	199	29	415	110	108	156	168	
3	9	1	4	
470	155	269	198	
2977	2368	10050	1100	


15	1	16	0
205	373	172	421	249	287	121	146	398	435	
-99	
490	
45000	


15	1	17	0
225	163	349	141	388	80	408	429	137	423	
1	2	6	7	5	-103	
224	162	79	407	387	171	
1604	1182	1532	2854	5228	8154	


15	1	18	0
344	347	465	103	322	355	428	72	147	118	
1	6	5	9	
343	354	321	146	
1745	1332	1845	7700	


15	1	19	0
24	42	71	390	66	17	167	440	366	466	
1	2	7	
23	41	166	
913	1887	20640	


15	1	20	0
417	251	365	23	217	47	87	232	20	327	
5	4	1	6	7	
216	22	416	46	86	
2422	2246	5354	2737	1581	


15	1	21	0
304	212	196	325	226	315	178	9	254	85	
7	9	-99	1	
177	253	0	303	
1613	1077	1610	27022	


15	1	22	0
289	439	236	208	263	96	298	244	454	442	
10	9	6	
441	453	95	
2022	1187	1918	


15	1	23	0
441	453	51	241	457	129	341	336	223	5	
7	8	3	4	5	
340	335	50	240	456	
1304	1523	5691	1459	1845	


16	1	1	0
35	287	341	64	161	390	188	13	389	326	
10	-99	6	9	
325	0	389	388	
4000	1009	795	968	


16	1	2	0
400	206	49	360	137	194	166	21	397	26	
3	4	1	8	7	
48	359	399	20	165	
1590	1773	2282	4423	1313	


16	1	3	0
207	339	171	385	126	205	375	189	67	115	
10	9	8	6	7	
114	66	188	204	374	
3336	1386	9523	9959	5546	


16	1	4	0
386	152	324	39	263	63	320	147	349	351	
7	10	5	2	-102	
319	350	262	151	338	
1759	1436	1745	8914	5496	


16	1	5	0
322	7	111	15	470	105	348	181	249	155	
10	9	
154	248	
2268	1704	


16	1	6	0
278	162	195	85	432	215	449	106	402	179	
7	6	9	2	4	
448	214	401	161	84	
3309	1459	1318	1664	1427	


16	1	7	0
297	280	133	191	342	4	317	330	170	459	
8	7	3	2	1	4	
329	316	132	279	296	190	
2018	1518	11245	1487	1277	3436	


16	1	8	0
315	99	130	388	471	285	135	440	109	344	
10	2	6	
343	98	284	
1922	1855	28495	


16	1	9	0
29	473	398	399	411	408	269	48	373	160	
5	8	9	
410	47	372	
3918	1736	1782	


16	1	10	0
311	267	337	314	325	82	95	60	295	96	
10	4	9	5	
95	313	294	324	
1572	1846	1913	7546	


16	1	11	0
73	169	265	357	91	289	420	338	369	164	
5	10	
90	163	
3886	2327	


16	1	12	0
238	456	464	6	129	54	281	125	36	477	
5	6	4	
128	53	5	
3936	5264	20859	


16	1	13	0
219	23	478	381	114	247	421	350	199	124	
8	2	1	3	4	-103	
349	22	218	477	380	463	
1372	1450	1491	1282	2845	29391	


16	1	14	0
248	367	475	288	198	463	38	453	148	301	
10	2	
300	366	
4031	1691	


16	1	15	0
479	208	216	235	203	246	110	255	229	245	
10	7	5	
244	109	202	
2868	1550	1536	


16	1	16	0
141	273	384	28	395	224	340	445	211	190	
7	10	9	8	
339	189	210	444	
2918	2782	2540	1673	


16	1	17	0
345	433	138	5	30	366	407	204	94	14	
1	9	-1210	2	4	
344	93	154	432	4	
1036	1500	1536	8087	1381	


16	1	18	0
121	92	467	40	221	78	154	409	153	282	
10	8	
281	408	
1850	1654	


16	1	19	0
223	258	65	481	365	427	142	405	387	452	
10	8	3	
451	404	64	
1890	2396	20859	


16	1	20	0
143	321	279	362	44	435	53	93	104	444	
8	7	1	-106	
92	52	142	426	
4300	5918	11895	1673	


16	1	21	0
156	286	371	157	150	260	3	309	239	123	
9	1	4	10	2	
238	155	156	122	285	
1118	1291	1550	1436	1736	


16	1	22	0
253	332	416	173	374	50	218	252	393	254	
2	3	-101	7	1	
331	415	155	217	252	
1377	1386	2450	3041	2182	


16	1	23	0
343	251	447	264	262	261	417	145	113	352	
-99	8	
351	144	
3240	3082	


17	1	1	0
321	462	393	342	143	317	84	250	58	78	
9	2	3	10	1	8	
57	461	392	77	320	249	
17486	986	1037	1295	8955	3931	


17	1	2	0
290	256	125	65	174	36	442	149	446	325	
9	10	3	
445	324	124	
918	9259	19800	


17	1	3	0
56	294	38	384	83	93	306	254	43	201	
7	8	9	1	4	
305	253	42	55	383	
677	1091	1809	1827	5827	


17	1	4	0
141	225	365	391	210	451	42	196	23	99	
6	6	-110	10	
450	450	200	98	
6104	10950	11432	2600	


17	1	5	0
66	188	237	219	191	31	411	155	150	234	
1	3	10	8	9	
65	236	233	154	149	
763	2600	2600	3246	991	


17	1	6	0
52	444	69	89	299	347	26	229	190	282	
1	9	2	7	5	
51	189	443	25	298	
2904	1136	9473	8950	4437	


17	1	7	0
161	145	315	29	480	48	336	73	320	216	
6	7	10	1	
47	335	215	160	
1740	1400	1446	25900	


17	1	8	0
277	126	274	447	13	360	292	85	211	16	
1	-99	6	10	5	
276	134	359	15	12	
531	1773	1709	1787	2086	


17	1	9	0
41	349	27	30	74	465	285	337	164	273	
2	9	10	4	5	1	3	
348	163	272	29	73	40	26	
1850	1854	2659	4032	1668	1741	3691	


17	1	10	0
177	214	358	101	227	117	14	400	109	197	
8	7	4	2	1	5	10	
399	13	100	213	176	226	196	
1354	1736	1441	1900	1446	2686	17805	


17	1	11	0
193	324	221	243	5	108	60	159	271	72	
1	9	10	5	6	
192	270	71	4	107	
2759	2086	12068	9073	2554	


17	1	12	0
441	59	408	249	151	414	187	310	420	204	
1	2	9	4	
440	58	419	248	
809	1154	1723	35891	


17	1	13	0
240	139	281	46	272	147	456	218	339	134	
8	9	10	2	
217	338	133	138	
986	741	1827	1764	


17	1	14	0
115	232	128	137	165	122	309	458	215	333	
9	1	-105	
214	114	271	
2122	2741	6082	


17	1	15	0
473	88	156	257	222	178	460	175	182	278	
8	9	-99	5	
174	181	0	221	
1327	1427	1173	20991	


17	1	16	0
203	124	397	270	10	49	330	329	374	136	
2	1	3	4	10	9	7	
123	202	396	269	135	373	329	
354	936	837	1286	1305	1313	8619	


17	1	17	0
102	326	171	448	258	224	113	409	345	427	
1	2	3	4	5	6	
101	325	170	447	257	223	
972	1273	968	1237	1145	18309	


17	1	18	0
372	130	284	95	70	301	198	235	369	295	
10	8	-99	2	3	9	
294	234	480	129	283	368	
5618	1800	2122	1055	1559	5859	


17	1	19	0
181	114	131	275	50	172	236	202	291	140	
3	2	4	10	
130	113	274	139	
1322	1600	1559	8464	


17	1	20	0
474	96	255	90	157	398	383	338	403	288	
1	6	7	8	9	10	
473	397	382	337	402	287	
754	1109	800	1746	831	1600	


17	1	21	0
207	423	363	286	432	241	233	449	252	343	
9	10	7	3	
251	342	232	362	
2359	1172	2287	6495	


17	1	22	0
199	220	138	208	18	352	380	17	61	289	
2	4	10	3	
219	207	288	137	
1418	1200	1463	13228	


17	1	23	0
212	261	142	152	344	47	437	297	431	355	
7	8	3	5	4	
436	296	141	343	151	
486	1068	959	1559	3300	


18	1	1	0
232	275	102	133	51	426	198	375	265	14	
1	2	4	10	8	
231	274	132	13	374	
5822	923	1818	8118	17805	


18	1	2	0
78	459	372	166	189	54	3	101	35	283	
7	10	6	-99	
2	282	53	88	
3377	2463	1750	3114	


18	1	3	0
200	194	420	262	172	187	451	428	196	328	
1	10	2	3	5	
199	327	193	419	171	
1022	1514	2823	2031	23914	


18	1	4	0
289	150	27	344	153	154	366	360	86	294	
7	8	-99	-99	
365	359	294	0	
590	891	1191	24105	


18	1	5	0
345	225	24	107	370	281	184	228	274	120	
-107	2	1	9	
365	224	344	273	
968	1213	1019	12822	


18	1	6	0
60	458	79	278	320	197	418	286	143	354	
1	10	8	9	4	-99	-99	
59	353	285	142	277	0	0	
2945	1659	2200	4232	5468	2477	22982	


18	1	7	0
87	93	88	399	238	173	175	89	392	248	
1	3	8	9	5	
86	87	88	391	237	
2054	1691	3318	10714	15841	


18	1	8	0
348	127	257	334	233	91	22	287	18	53	
8	9	2	3	1	
286	17	126	256	347	
940	1073	21577	1041	5678	


18	1	9	0
61	245	434	323	113	403	68	341	140	457	
2	3	-99	
244	433	94	
3436	1459	29850	


18	1	10	0
421	114	167	313	452	390	356	123	186	139	
10	8	-309	1	
138	122	391	420	
2200	1027	5673	1645	


18	1	11	0
109	339	34	379	227	367	410	218	67	119	
10	9	1	2	3	4	
118	66	108	338	33	378	
904	1300	2886	1100	1173	905	


18	1	12	0
23	362	304	146	131	380	260	211	448	217	
3	-302	-99	
303	244	0	
3063	5627	10405	


18	1	13	0
141	104	449	454	309	471	391	429	247	163	
-99	
490	
45000	


18	1	14	0
125	226	118	237	358	116	208	436	340	100	
7	9	-99	-509	
207	339	290	139	
1013	1323	1550	30423	


18	1	15	0
267	62	480	445	369	464	422	74	193	472	
-206	-99	7	3	-99	
470	74	421	479	0	
713	1377	1555	6445	26237	


18	1	16	0
142	92	394	378	363	126	185	292	398	98	
8	6	7	10	1	4	2	-99	-99	
291	125	184	97	141	377	91	0	0	
1059	1300	1327	1318	1877	1382	4873	2618	10332	


18	1	17	0
191	296	368	444	424	31	255	209	302	115	
10	9	-107	
114	301	184	
1100	1413	26514	


18	1	18	0
72	350	246	213	438	312	195	303	419	25	
10	3	4	6	5	
24	245	212	311	437	
2027	823	1495	1745	4005	


18	1	19	0
36	395	353	43	164	162	158	168	431	397	
6	7	9	1	
161	157	430	35	
1554	1209	8109	19823	


18	1	20	0
202	63	268	311	270	259	19	478	85	462	
10	2	1	-1704	
461	62	201	261	
1759	1609	1700	6882	


18	1	21	0
212	46	439	301	264	214	111	342	108	415	
6	7	10	9	1	-99	
213	110	414	107	211	472	
1363	1082	1036	1414	5791	15527	


18	1	22	0
297	446	95	251	6	174	136	316	52	389	
1	-99	3	7	-99	
296	0	94	135	0	
1231	1541	2109	24696	14159	


18	1	23	0
99	256	314	81	73	382	215	203	285	216	
4	3	8	2	
80	313	202	255	
2595	1523	6954	27282	


19	1	1	0
22	295	428	55	292	123	413	332	134	206	
7	8	4	9	1	2	5	6	
412	331	54	133	21	294	291	122	
1481	1664	1141	1877	8091	473	8663	1864	


19	1	2	0
112	322	36	375	317	45	103	80	86	175	
1	2	5	7	6	3	10	-99	
111	321	316	102	44	35	174	58	
4509	845	1259	1559	1696	1027	19714	12327	


19	1	3	0
167	143	343	172	310	102	472	168	379	344	
10	9	1	2	7	8	3	
343	378	166	142	471	167	342	
4540	1350	928	1986	14014	1300	5000	


19	1	4	0
198	183	166	404	477	95	79	244	298	114	
6	1	2	3	5	9	
94	197	182	165	476	297	
3350	1472	655	704	2441	4387	


19	1	5	0
26	257	478	78	338	148	445	370	382	311	
9	10	
381	310	
5900	1663	


19	1	6	0
217	220	441	165	151	154	287	48	88	334	
3	6	5	7	8	9	4	
440	153	150	286	47	87	164	
7368	2227	1164	1013	928	1131	12659	


19	1	7	0
339	429	237	293	131	121	178	297	20	156	
1	4	9	8	7	
338	292	19	296	177	
1381	2632	1023	1668	1123	


19	1	8	0
349	91	145	117	452	155	233	421	197	109	
7	5	6	8	9	3	
232	451	154	420	196	144	
6381	1259	1950	3391	2323	5868	


19	1	9	0
362	326	94	211	281	180	235	355	249	161	
2	3	4	5	7	1	8	
325	93	210	280	234	361	354	
3554	6136	1591	1873	1464	3245	10041	


19	1	10	0
72	133	368	23	455	215	71	438	401	85	
6	4	1	7	
214	22	71	70	
5486	2227	2627	16896	


19	1	11	0
49	384	352	241	28	59	116	3	130	291	
1	10	8	6	7	
48	290	2	58	115	
1527	2009	1504	27814	3959	


19	1	12	0
46	415	2	359	160	474	405	341	434	316	
7	9	10	8	
404	433	315	340	
5440	2800	728	1391	


19	1	13	0
7	146	442	303	312	153	33	188	302	118	
5	8	-101	7	10	8	
311	187	45	32	117	187	
6972	1941	3950	1546	4336	3532	


19	1	14	0
47	358	128	262	219	307	99	386	321	258	
1	2	9	8	
46	357	320	385	
2086	1464	3254	22509	


19	1	15	0
408	9	77	69	90	265	127	159	345	21	
10	4	9	
20	68	344	
5645	2136	16100	


19	1	16	0
319	259	16	190	222	205	214	232	251	44	
1	2	3	4	5	6	7	8	
318	258	15	189	221	204	213	231	
5986	1236	2396	1750	2609	1659	968	582	


19	1	17	0
129	140	356	353	6	431	252	126	87	169	
4	5	-99	9	-99	
352	5	134	86	278	
4445	2600	3614	6031	1073	


19	1	18	0
393	149	27	93	330	89	299	189	191	284	
5	
329	
20236	


19	1	19	0
147	185	389	111	52	328	239	273	216	243	
7	8	9	10	5	
238	272	215	242	51	
3359	1018	2023	2654	32368	


19	1	20	0
465	240	255	82	224	139	106	236	290	31	
9	-99	10	1	5	3	
289	0	30	464	223	254	
4713	1087	1268	1854	1755	2368	


19	1	21	0
315	269	373	264	57	176	193	407	32	426	
4	8	3	7	-1104	6	5	
263	406	372	192	22	175	56	
4236	2341	15227	2250	1614	4841	1577	


19	1	22	0
288	61	473	210	267	203	231	394	323	248	
7	8	10	9	3	
230	393	247	322	472	
2231	887	1100	1791	7313	


19	1	23	0
144	15	411	92	124	171	464	66	274	192	
3	9	-99	1	2	
410	273	191	143	14	
2559	4213	914	5550	659	


20	1	1	0
467	176	235	450	67	208	23	386	157	439	
2	5	10	4	7	9	8	6	1	5	
175	66	438	449	22	156	385	207	466	66	
4150	1472	814	1545	1109	1964	1305	1672	1478	17550	


20	1	2	0
276	149	205	33	333	34	121	360	48	243	
7	6	8	3	1	2	
120	33	359	204	275	148	
2745	1300	859	1118	7855	813	


20	1	3	0
126	134	173	125	46	447	161	434	271	136	
-99	2	7	-99	9	10	8	
134	133	160	188	270	135	433	
1072	1055	1154	1487	15772	8328	6422	


20	1	4	0
16	422	397	477	80	390	378	370	329	346	
1	2	5	7	3	4	9	8	
15	421	79	377	396	476	328	369	
1827	1650	2763	1600	1069	1613	1482	1391	


20	1	5	0
332	282	469	384	166	180	347	146	291	266	
10	1	2	8	4	
265	331	281	145	383	
1663	1000	1250	1332	6059	


20	1	6	0
339	118	99	302	129	86	268	183	174	409	
1	2	3	4	5	6	8	7	
338	117	98	301	128	85	182	267	
1554	777	1182	859	837	1172	546	19463	


20	1	7	0
167	470	209	217	181	151	412	2	247	73	
2	1	4	3	6	5	8	-102	
469	166	216	208	150	180	1	117	
1213	1532	1445	1337	1377	1586	2314	17714	


20	1	8	0
32	444	239	70	219	251	309	57	8	113	
1	2	-405	4	9	8	7	10	3	-405	
31	443	79	69	7	56	308	112	238	79	
840	1310	959	1109	3545	1759	568	605	10977	8682	


20	1	9	0
225	277	438	362	457	307	188	132	350	127	
1	2	5	7	8	9	10	6	
224	276	456	187	131	349	126	306	
2668	1136	2477	2064	2582	5050	1554	13805	


20	1	10	0
122	152	404	351	468	274	82	168	24	124	
3	2	1	6	7	10	6	
403	151	121	273	81	123	273	
2500	2600	4268	2154	3968	2919	17431	


20	1	11	0
156	202	428	349	285	473	311	465	471	224	
2	1	3	5	8	9	7	
201	155	427	284	464	470	310	
2640	1364	1332	1423	1654	5159	13746	


20	1	12	0
374	191	87	160	18	68	385	94	179	442	
1	3	9	10	5	
373	86	178	441	17	
2977	2500	1995	7659	4287	


20	1	13	0
27	61	279	324	54	476	288	22	119	60	
1	3	2	4	9	8	
26	278	60	323	118	21	
1668	936	2188	1535	4036	15446	


20	1	14	0
195	212	326	221	337	334	293	410	244	154	
10	1	2	3	5	6	9	
153	194	211	325	336	333	243	
2895	10568	427	2732	3355	10000	527	


20	1	15	0
216	455	56	257	446	228	104	318	308	214	
10	7	1	-510	
213	103	215	123	
3427	3077	4318	29191	


20	1	16	0
47	323	348	355	17	62	108	170	306	478	
2	1	7	8	6	5	4	
322	46	107	169	61	16	354	
1259	545	1482	418	705	804	25400	


20	1	17	0
63	389	267	435	111	240	199	83	89	301	
1	2	7	8	-99	
62	388	198	82	37	
1304	655	1200	1054	39773	


20	1	18	0
295	7	12	258	286	43	413	415	14	45	
1	2	6	5	9	4	10	-109	
294	6	42	285	13	257	44	88	
1995	477	1378	895	2823	1904	1023	26373	


20	1	19	0
464	238	13	218	97	425	325	172	66	150	
1	2	3	9	7	4	6	8	5	
463	237	12	65	324	217	424	171	96	
2486	900	1118	1664	1550	1641	1331	5991	11455	


20	1	20	0
248	359	102	88	335	107	6	393	109	432	
2	1	4	5	-99	10	-705	3	
358	247	87	334	0	431	53	101	
1445	614	645	1873	3068	1909	2591	7836	


20	1	21	0
81	312	10	310	230	340	383	19	158	223	
1	2	6	
80	311	339	
1463	777	1391	


20	1	22	0
269	272	37	448	65	20	106	39	366	50	
10	-206	6	5	2	1	-1302	
49	106	19	64	271	268	276	
2400	836	7068	2950	1596	1731	7169	


20	1	23	0
453	204	26	141	443	206	182	462	71	417	
1	3	2	-99	-203	-2204	9	
452	25	203	416	9	449	70	
1045	900	1673	2668	15327	10077	4960	


21	1	1	0
159	175	233	11	96	398	99	157	110	204	
-99	3	2	4	1	6	5	9	
0	232	174	10	158	397	95	109	
2403	1206	909	959	759	1004	1001	11533	


21	1	2	0
30	87	83	45	268	307	201	43	167	55	
9	10	8	7	
166	54	42	200	
1277	873	6063	5768	


21	1	3	0
450	290	115	27	181	330	196	15	378	257	
8	1	5	6	2	9	
14	449	180	329	289	377	
1150	4690	1296	4823	4868	6854	


21	1	4	0
477	189	304	472	294	68	180	444	158	14	
1	3	4	6	2	
476	303	471	67	188	
1372	746	854	1618	4096	


21	1	5	0
287	57	166	282	26	273	16	195	224	226	
9	7	5	6	8	1	
223	15	25	272	194	286	
2768	959	1068	886	6864	31327	


21	1	6	0
47	470	281	128	424	78	172	80	174	279	
1	10	8	4	3	
46	278	79	127	280	
1827	2159	791	32745	814	


21	1	7	0
221	35	61	366	445	121	151	291	439	409	
1	2	8	7	10	
220	34	290	150	408	
663	696	654	796	745	


21	1	8	0
369	350	356	182	363	457	333	244	138	48	
7	8	9	10	6	2	1	
332	243	137	47	456	349	368	
690	846	918	859	2991	5964	922	


21	1	9	0
74	144	341	413	394	283	382	7	69	193	
1	10	5	8	2	
73	192	393	6	143	
1059	759	936	977	14009	


21	1	10	0
339	426	63	164	243	42	239	178	19	125	
7	8	9	10	3	5	
238	177	18	124	62	242	
968	763	719	868	1532	854	


21	1	11	0
94	464	171	418	227	347	65	461	41	389	
6	8	7	9	2	10	
346	460	64	40	463	388	
622	509	1009	1273	673	832	


21	1	12	0
372	237	179	8	113	471	316	170	402	246	
6	7	9	8	-99	2	
470	315	401	169	480	236	
1859	763	732	727	1246	686	


21	1	13	0
315	367	373	340	160	265	377	155	143	284	
7	9	8	10	2	
376	142	154	283	366	
1218	1191	541	809	7213	


21	1	14	0
416	185	132	251	332	468	154	383	414	191	
7	9	-99	
153	413	0	
931	414	1197	


21	1	15	0
54	40	21	318	407	324	123	75	133	106	
6	7	9	10	8	
323	122	132	105	74	
1577	686	1323	914	845	


21	1	16	0
247	176	186	207	275	419	264	32	81	37	
7	8	9	10	-99	1	
263	31	80	36	0	246	
568	963	764	1336	1178	17059	


21	1	17	0
210	86	395	50	90	202	245	173	229	365	
5	6	10	7	-99	
89	201	364	244	0	
1363	727	1046	895	9655	


21	1	18	0
359	391	4	6	357	161	270	120	140	203	
6	7	8	3	-99	-99	-105	
160	269	119	3	396	396	89	
345	809	986	1855	20445	6055	4150	


21	1	19	0
440	390	292	300	28	12	404	288	79	342	
1	2	5	-99	
439	389	27	106	
677	877	1432	2291	


21	1	20	0
212	130	211	285	85	46	454	249	122	241	
1	3	7	8	9	10	2	
211	210	453	248	121	240	129	
959	718	950	741	986	950	10586	


21	1	21	0
388	269	408	431	131	361	286	38	267	142	
8	7	9	-809	1	3	4	5	
37	285	266	142	387	407	430	130	
1277	677	873	913	1205	759	973	827	


21	1	22	0
298	319	435	218	449	112	368	427	451	441	
9	4	5	6	2	
450	217	448	111	318	
1250	790	1087	1032	1000	


21	1	23	0
295	415	33	255	436	349	88	250	29	446	
7	8	9	-99	2	
87	249	28	445	414	
1713	677	669	722	3346	


22	1	1	0
58	339	383	319	98	111	316	453	264	12	
9	8	7	3	-99	-99	-99	
263	452	315	382	0	0	0	
1827	1991	922	1791	4528	0	0	


22	1	2	0
56	188	450	66	270	232	384	292	371	39	
8	10	4	1	8	10	4	1	5	
291	38	65	55	291	38	65	55	269	
945	891	1836	6105	8513	487	509	559	9281	


22	1	3	0
141	213	382	436	446	134	106	294	178	42	
8	1	6	2	
293	140	133	212	
1222	2959	3369	9559	


22	1	4	0
68	252	360	89	113	154	315	361	126	332	
1	3	8	9	4	-101	-101	6	
67	359	360	125	88	140	140	153	
1977	841	795	1491	1305	16591	1736	14541	


22	1	5	0
230	52	122	421	201	477	38	242	362	265	
1	6	1	
229	476	229	
2972	4709	22314	


22	1	6	0
169	257	314	146	148	260	235	132	236	283	
7	4	10	1	1	10	
234	145	282	168	168	282	
1181	1355	1077	1282	37832	1045	


22	1	7	0
44	72	444	183	26	468	375	364	97	317	
2	1	10	9	6	
71	43	316	96	467	
1563	2859	5228	4540	17364	


22	1	8	0
293	320	290	443	102	217	57	10	156	63	
3	1	4	3	2	
289	292	442	289	319	
1468	1272	1737	13527	2636	


22	1	9	0
109	358	282	323	166	321	43	157	4	32	
1	4	-107	8	7	
108	322	56	156	42	
1222	1405	5286	16114	563	


22	1	10	0
343	255	65	353	27	181	231	59	388	7	
9	3	7	4	1	2	8	
387	64	230	352	342	254	58	
981	6446	6486	3473	954	2146	10854	


22	1	11	0
244	248	412	279	311	212	29	245	30	342	
8	5	6	2	-105	
244	310	211	247	26	
1586	832	800	4050	34668	


22	1	12	0
406	34	221	5	50	374	173	425	415	359	
1	2	3	1	2	
405	33	220	405	33	
631	1155	4114	13718	632	


22	1	13	0
335	163	367	341	62	240	409	346	225	123	
4	10	-106	
340	122	373	
2331	1805	37918	


22	1	14	0
400	340	376	37	41	337	45	60	331	92	
1	2	7	9	3	8	5	
399	339	44	330	375	59	40	
450	918	1536	514	632	6768	23909	


22	1	15	0
193	117	110	424	210	470	439	448	83	219	
4	9	6	9	
423	82	469	82	
750	863	3550	33546	


22	1	16	0
198	463	305	190	18	402	152	411	274	347	
1	2	10	4	
197	462	346	189	
3031	546	2186	36337	


22	1	17	0
104	176	81	461	207	203	131	324	16	261	
8	8	8	
323	323	323	
1631	7273	28068	


22	1	18	0
11	366	185	351	139	246	6	184	222	195	
1	2	6	10	5	
10	365	245	194	138	
6563	596	4491	5604	7141	


22	1	19	0
328	119	413	336	379	399	25	220	391	369	
4	3	
335	412	
763	6587	


22	1	20	0
394	77	302	416	99	259	239	93	142	121	
6	-1602	9	2	4	3	
258	251	141	76	415	301	
209	841	727	3250	2409	523	


22	1	21	0
128	21	64	456	345	286	338	373	40	197	
6	5	1	2	9	
285	344	127	20	39	
1831	1264	705	445	1459	


22	1	22	0
469	473	372	427	325	67	334	54	171	82	
2	10	6	8	
472	81	66	53	
1650	890	6919	3191	


22	1	23	0
250	431	330	423	174	397	19	86	452	46	
2	8	7	-99	1	
430	85	18	45	249	
650	1122	3509	2282	6800	


23	1	1	0
305	31	467	330	26	298	52	343	68	204	
9	10	7	1	5	
67	203	51	304	25	
4355	1192	2205	2573	1542	


23	1	2	0
253	153	261	237	71	230	163	351	34	242	
9	4	2	6	5	8	
33	236	152	229	70	350	
2322	2328	3900	5122	4568	15919	


23	1	3	0
37	350	53	399	40	231	155	88	127	158	
8	6	5	9	10	4	7	
87	230	39	126	157	398	154	
1272	1268	4687	6963	2864	4868	7587	


23	1	4	0
61	33	11	98	333	142	212	48	255	23	
3	2	10	9	7	5	1	
10	32	22	254	211	332	60	
1063	959	1128	1213	2600	1200	5641	


23	1	5	0
123	55	216	382	405	47	321	146	271	128	
10	1	3	9	6	
127	122	215	270	46	
927	20577	1114	7691	3291	


23	1	6	0
317	161	262	218	226	51	193	94	299	478	
4	3	-99	-99	8	10	2	
217	261	195	221	93	477	160	
1490	1278	1718	1518	2359	1598	7885	


23	1	7	0
209	136	65	113	336	396	246	121	314	357	
9	4	10	3	5	
313	112	356	64	335	
4018	1632	2731	4537	26327	


23	1	8	0
414	139	12	102	24	184	215	80	154	404	
1	9	8	-410	
413	153	79	22	
4827	2513	1655	2141	


23	1	9	0
395	168	406	164	157	6	428	356	367	111	
10	9	6	-104	-103	1	
110	366	5	101	11	394	
2813	4132	7259	2977	1723	19036	


23	1	10	0
147	232	41	63	66	437	371	110	394	79	
5	-99	7	4	2	
65	21	370	62	231	
2140	2346	5700	3968	3191	


23	1	11	0
159	117	22	456	311	172	138	165	412	280	
2	6	5	4	8	9	
116	171	310	455	164	411	
2227	1177	2596	5931	18641	628	


23	1	12	0
190	186	103	195	84	268	108	434	342	148	
9	10	7	6	4	1	2	5	
341	147	107	267	194	189	185	83	
1722	1218	1737	4913	4969	7309	1154	7291	


23	1	13	0
345	32	423	227	379	202	416	442	177	247	
5	9	-99	3	4	-99	1	
378	176	274	422	226	159	344	
2090	1128	972	2537	1204	8441	5064	


23	1	14	0
269	241	149	429	8	340	225	435	398	403	
9	10	1	2	3	6	
397	402	268	240	148	339	
1190	941	1841	1087	17422	14964	


23	1	15	0
189	277	119	92	43	86	322	14	263	243	
3	10	6	5	9	7	4	
118	242	85	42	262	321	91	
1777	1713	1614	1450	1114	1286	14250	


23	1	16	0
54	358	386	439	295	10	21	203	97	249	
9	10	1	7	6	2	4	
96	248	53	20	9	357	438	
2786	1841	1532	1377	1254	20450	2287	


23	1	17	0
81	152	349	120	324	462	289	131	278	205	
9	1	4	5	7	
277	80	119	323	288	
2222	2296	2036	2241	10355	


23	1	18	0
286	290	221	452	233	140	293	18	267	282	
5	8	10	9	1	3	
232	17	281	266	285	220	
1731	909	1241	2078	3613	7423	


23	1	19	0
264	283	258	132	348	185	334	248	254	455	
7	10	9	8	
333	454	253	247	
1804	1496	3054	1441	


23	1	20	0
252	100	385	174	309	424	206	101	39	365	
1	2	3	5	6	
251	99	384	308	423	
4013	1932	1409	2286	2919	


23	1	21	0
344	141	331	87	481	251	312	391	383	56	
4	1	9	6	10	3	
86	343	382	250	55	330	
1140	373	823	2877	1905	15091	


23	1	22	0
13	276	451	377	60	5	378	67	374	181	
5	7	8	2	
59	377	66	275	
1936	1609	1850	10318	


23	1	23	0
213	387	77	427	307	308	355	415	7	304	
-99	5	1	2	6	3	
303	306	212	386	307	76	
3095	1450	1341	1200	4268	15591	


24	1	1	0
48	404	439	348	164	228	85	268	243	156	
1	10	9	5	8	3	10	
47	155	242	163	267	438	155	
1177	795	823	800	4782	5659	11564	


24	1	2	0
392	260	147	197	207	159	334	78	339	150	
9	7	1	10	6	
338	333	391	149	158	
1236	2991	8477	800	18955	


24	1	3	0
423	443	66	353	133	463	62	113	342	47	
9	3	1	6	2	10	
341	65	422	462	442	46	
850	868	745	3477	7664	24346	


24	1	4	0
32	81	119	87	46	358	196	259	244	456	
6	9	4	3	5	8	2	
357	243	86	118	45	258	80	
772	2223	714	845	2705	3250	6645	


24	1	5	0
253	398	83	75	188	82	79	418	307	55	
1	10	7	4	5	8	
252	54	78	74	187	417	
1100	727	723	7668	13136	2164	


24	1	6	0
329	65	442	363	68	301	444	60	143	344	
10	3	
343	441	
1245	21718	


24	1	7	0
369	107	460	201	352	28	166	179	103	169	
9	8	3	
102	178	459	
931	11309	4855	


24	1	8	0
431	354	255	230	373	250	233	285	249	213	
1	2	4	9	5	7	
430	353	229	248	372	232	
927	732	1441	2145	5241	7791	


24	1	9	0
13	206	105	286	127	469	326	36	432	292	
1	10	6	7	5	
12	291	468	325	126	
904	700	964	1541	2772	


24	1	10	0
139	347	94	238	211	319	220	70	446	194	
5	-99	9	10	4	1	
210	319	445	193	237	138	
2995	886	859	760	3790	5437	


24	1	11	0
52	144	24	376	205	437	280	10	455	112	
10	9	6	5	7	4	
111	454	436	204	279	375	
595	991	700	1686	1741	33914	


24	1	12	0
312	115	222	3	393	365	232	426	20	123	
9	10	3	5	6	
19	122	221	392	364	
627	600	723	12804	13896	


24	1	13	0
56	29	17	99	14	204	27	22	187	275	
10	9	8	7	1	2	5	
274	186	21	26	55	28	13	
1204	568	818	12882	682	3432	2941	


24	1	14	0
69	209	120	279	183	91	5	54	272	297	
9	8	10	3	2	1	-99	
271	53	296	119	208	68	183	
1709	759	1695	11346	7863	541	13209	


24	1	15	0
364	478	217	190	288	23	252	304	219	258	
10	6	9	8	7	
257	22	218	303	251	
1345	1145	2132	768	2782	


24	1	16	0
224	322	39	283	229	162	435	371	349	265	
1	6	7	8	9	4	5	
223	161	434	370	348	282	228	
1513	946	731	1691	1237	2636	21682	


24	1	17	0
449	149	26	314	427	31	248	270	61	407	
9	10	8	6	2	5	1	
60	406	269	30	148	426	448	
1000	709	750	877	5709	2205	645	


24	1	18	0
34	223	93	18	356	448	357	264	212	470	
10	9	1	5	3	
469	211	33	355	92	
1918	759	4206	8883	5244	


24	1	19	0
413	434	445	284	2	122	464	9	267	481	
7	9	8	4	3	6	
463	266	8	283	444	121	
727	836	1300	1314	1200	1995	


24	1	20	0
372	146	450	387	441	472	173	19	436	294	
9	7	2	6	
435	172	145	471	
2436	1282	936	1018	


24	1	21	0
25	321	180	131	459	111	154	153	374	419	
1	5	6	9	
24	458	110	373	
1690	1141	1296	27659	


24	1	22	0
362	346	299	391	121	30	38	200	163	129	
7	4	3	2	1	
37	390	298	345	361	
1286	1254	1596	1150	1332	


24	1	23	0
50	234	411	189	86	477	313	114	261	184	
2	4	8	6	-99	7	
233	188	113	476	183	312	
1390	564	591	618	3037	5245	


25	1	1	0
143	243	68	148	445	266	467	160	424	139	
10	3	6	7	-99	9	1	
138	67	265	466	31	423	142	
2281	909	1096	1941	795	2268	1787	


25	1	2	0
409	226	184	257	466	464	98	460	219	159	
8	2	4	7	10	
459	225	256	97	158	
2490	1182	1509	1859	16214	


25	1	3	0
112	196	263	461	57	85	48	87	353	245	
10	3	8	9	
244	262	86	352	
1890	1169	1527	1359	


25	1	4	0
408	155	146	8	35	335	252	227	174	117	
1	3	9	
407	145	173	
2327	3177	28896	


25	1	5	0
401	63	291	340	342	230	180	423	6	176	
10	9	3	-99	4	
175	5	290	224	339	
2840	1823	1296	1836	17391	


25	1	6	0
239	157	475	55	73	142	104	201	246	16	
4	9	5	6	
54	245	72	141	
2090	1637	1282	10595	


25	1	7	0
388	238	441	93	197	271	450	432	379	188	
2	6	
237	270	
1409	2650	


25	1	8	0
477	413	232	286	119	280	181	182	22	465	
10	7	1	5	4	2	
464	180	476	118	285	412	
1686	1418	1500	3446	1268	26050	


25	1	9	0
406	414	428	9	329	264	357	65	162	473	
10	8	1	6	
472	64	405	263	
3440	3137	26995	1491	


25	1	10	0
40	279	277	288	126	84	2	476	60	392	
9	
59	
1909	


25	1	11	0
96	433	254	315	212	103	113	440	203	323	
3	1	2	9	
253	95	432	202	
1431	2346	2291	12100	


25	1	12	0
115	479	322	343	86	128	140	190	59	168	
2	4	7	1	
478	342	139	114	
2272	1168	910	2636	


25	1	13	0
420	290	70	454	451	105	297	237	46	199	
9	1	
45	419	
3313	2700	


25	1	14	0
345	116	396	71	27	374	64	436	256	446	
10	9	1	8	5	
445	255	344	435	26	
2004	1023	2013	1832	15278	


25	1	15	0
109	278	36	229	390	349	411	167	350	141	
1	10	7	8	3	
108	140	410	166	35	
1922	1018	1323	1687	15363	


25	1	16	0
177	234	154	262	206	47	43	204	332	134	
6	7	2	1	
46	42	233	176	
1913	1387	3663	27850	


25	1	17	0
474	136	449	106	405	346	328	472	355	218	
7	5	6	
327	404	345	
2004	1155	1759	


25	1	18	0
258	283	125	42	79	267	358	217	111	330	
6	7	8	10	
266	357	216	329	
1700	1327	1536	5950	


25	1	19	0
383	107	191	364	404	120	14	74	39	144	
3	9	8	7	
190	38	73	13	
1677	1682	1391	2272	


25	1	20	0
402	137	311	325	54	419	410	319	324	183	
3	1	2	10	
310	401	136	182	
2095	782	1495	1764	


25	1	21	0
164	427	45	341	145	32	442	380	375	244	
3	4	2	
44	340	426	
5204	1600	2173	


25	1	22	0
121	235	274	78	300	91	200	123	407	37	
10	8	
36	122	
1359	1604	


25	1	23	0
318	220	348	88	208	18	90	178	370	334	
-99	8	9	4	2	9	
333	177	369	87	219	369	
1795	1200	1782	2800	1804	20546	


26	1	1	0
102	63	171	266	332	93	70	216	319	369	
1	2	9	8	3	
101	62	318	215	170	
3136	1868	2805	2141	7800	


26	1	2	0
323	224	176	58	2	84	46	243	365	456	
1	9	-101	-99	
322	364	101	311	
3600	1163	1932	5414	


26	1	3	0
72	136	342	328	344	335	279	239	303	249	
2	3	
135	341	
2272	1182	


26	1	4	0
157	308	51	9	442	288	476	34	248	192	
1	2	9	-99	
156	307	247	275	
1731	1246	1668	6686	


26	1	5	0
395	356	435	479	310	385	116	156	223	57	
8	1	6	
155	394	384	
2468	1177	1586	


26	1	6	0
173	293	164	151	98	321	66	105	468	454	
1	2	3	10	
172	292	163	453	
2050	2240	1105	1668	


26	1	7	0
139	137	150	126	379	271	221	181	67	122	
1	7	3	5	6	-402	
138	220	149	378	270	135	
2309	1091	1568	1150	4782	18222	


26	1	8	0
265	273	118	447	95	389	163	285	306	169	
1	2	-99	
264	272	432	
1431	2037	22859	


26	1	9	0
54	89	460	296	351	88	217	43	187	320	
1	10	6	8	
53	319	87	42	
1486	1868	1414	1754	


26	1	10	0
60	232	193	270	307	121	129	286	406	30	
1	8	10	-101	2	
59	285	29	53	231	
1886	2127	2555	14204	6505	


26	1	11	0
32	253	205	86	277	474	269	4	167	403	
10	2	1	3	
402	252	31	204	
2418	1818	1854	10587	


26	1	12	0
262	177	38	345	434	18	218	252	391	47	
10	7	5	6	1	
46	217	433	17	261	
2472	968	1514	9532	5323	


26	1	13	0
41	225	261	40	258	19	144	387	184	315	
7	1	2	10	6	
143	40	224	314	18	
1604	1836	1241	2019	12704	


26	1	14	0
237	49	383	325	135	233	65	186	386	161	
1	2	3	10	
236	48	382	160	
3222	2891	4737	1218	


26	1	15	0
413	166	143	174	148	7	62	475	172	20	
8	9	10	1	-103	
474	171	19	412	382	
2236	1214	1136	1495	5637	


26	1	16	0
190	372	354	412	198	96	438	191	241	24	
6	7	8	9	-99	
95	437	190	240	414	
1404	886	855	1373	1286	


26	1	17	0
91	21	209	36	299	314	83	409	431	242	
7	10	3	-107	9	
82	241	208	437	430	
2254	3091	1882	17845	4155	


26	1	18	0
16	338	25	397	159	355	211	207	368	244	
9	1	10	7	
367	15	243	210	
2845	1741	3018	905	


26	1	19	0
195	272	236	415	202	416	392	206	450	154	
4	10	1	9	3	
414	153	194	449	235	
2586	1273	2154	1600	1468	


26	1	20	0
165	110	481	132	158	109	364	337	290	384	
7	9	8	10	
363	289	336	383	
1381	728	1277	1082	


26	1	21	0
363	327	278	283	123	268	68	149	117	469	
7	8	10	1	-1706	5	
67	148	468	362	287	122	
1695	1432	1182	1595	2836	9164	


26	1	22	0
133	282	311	235	119	330	300	462	99	6	
6	5	2	9	
329	118	281	98	
2004	727	632	1359	


26	1	23	0
48	73	464	255	444	455	326	10	45	348	
6	7	9	8	5	
454	325	44	9	443	
1286	904	823	1037	1863	


27	1	1	0
291	38	95	208	100	243	258	42	283	132	
3	10	8	4	2	1	9	6	
94	131	41	207	37	290	282	242	
1368	1077	1191	1145	1391	6268	2114	10577	


27	1	2	0
317	75	388	415	217	145	267	276	387	127	
1	3	6	2	4	5	
316	387	144	74	414	216	
1136	1091	1141	10500	5877	4773	


27	1	3	0
431	472	478	106	279	426	144	428	34	230	
6	5	9	10	3	8	6	4	7	1	
425	278	33	229	477	427	425	105	143	430	
954	1032	1141	1250	1300	1186	2741	2909	15550	5196	


27	1	4	0
6	213	266	196	225	461	320	411	457	155	
3	1	9	7	10	
265	5	456	319	154	
1000	1111	1967	3072	4325	


27	1	5	0
408	164	479	20	245	133	64	162	148	274	
1	2	5	8	9	6	7	
407	163	244	161	147	132	63	
1004	1169	1746	716	826	1599	9622	


27	1	6	0
259	255	298	57	231	383	444	26	451	36	
9	8	7	6	3	2	4	-110	9	
450	25	443	382	297	254	56	273	450	
1027	1041	977	1164	3854	982	1227	14637	9809	


27	1	7	0
8	232	70	262	102	256	195	248	119	89	
8	7	9	4	5	
247	194	118	261	101	
1027	1154	1519	1427	2082	


27	1	8	0
12	149	278	97	180	219	125	334	371	260	
7	10	9	8	1	
124	259	370	333	11	
1277	1377	859	1232	1582	


27	1	9	0
194	163	203	185	88	186	470	373	305	360	
9	-99	1	5	8	3	
304	0	193	87	372	202	
1231	928	1063	1209	1014	1205	


27	1	10	0
321	240	374	86	172	181	160	2	9	358	
10	9	6	
357	8	180	
2631	1950	6559	


27	1	11	0
229	273	35	115	396	292	156	287	147	252	
4	5	7	9	8	2	6	
114	395	155	146	286	272	291	
1118	904	1218	1164	964	2682	36113	


27	1	12	0
233	380	414	44	436	343	103	392	124	209	
9	7	4	3	1	2	
123	102	43	413	232	379	
1268	3027	5600	1468	1909	650	


27	1	13	0
175	238	200	10	85	91	368	399	315	401	
6	2	1	3	7	
90	237	174	199	367	
1640	1510	1031	2073	3450	


27	1	14	0
171	349	129	105	215	82	139	296	25	257	
6	7	8	5	1	4	9	
81	138	295	214	170	104	24	
1231	819	968	1422	1014	1336	3405	


27	1	15	0
52	462	261	45	378	143	206	236	63	108	
9	10	8	3	5	4	1	
62	107	235	260	377	44	51	
1036	882	1022	1164	1077	1214	1091	


27	1	16	0
443	51	161	424	289	216	449	307	202	369	
4	
423	
1731	


27	1	17	0
422	355	60	413	205	439	435	302	249	410	
1	10	9	3	2	
421	409	248	59	354	
800	1327	5291	10272	3882	


27	1	18	0
141	122	390	212	351	365	434	113	454	345	
10	6	1	3	
344	364	140	389	
2409	3331	11060	1981	


27	1	19	0
198	199	310	21	56	417	409	429	476	228	
4	3	1	7	2	-102	
20	309	197	408	198	121	
1018	950	1295	1050	1509	23141	


27	1	20	0
270	92	134	227	62	31	441	66	447	50	
5	6	7	9	10	4	3	
61	30	440	446	49	226	133	
1777	1313	1019	1045	1450	1773	20445	


27	1	21	0
463	121	416	395	323	288	299	146	93	329	
10	9	7	4	2	1	3	
328	92	298	394	120	462	415	
963	750	1123	1145	1250	1191	937	


27	1	22	0
271	153	290	421	285	177	353	455	166	116	
1	4	5	9	6	7	
270	420	284	165	176	352	
1050	1177	1209	1141	1300	1973	


27	1	23	0
190	445	423	348	438	391	481	221	280	204	
-99	3	1	2	
203	422	189	444	
986	1300	3459	1150	


